connecting to /dev/ttyUSB0 (115200) [OK]
> 1484412170445058:1:
> 1484412170445108:1:LINK STATS to 4: 0 0 4
> 1484412170445150:1:
> 1484412170445157:1:LINK STATS to 5: 0 0 6
> 1484412170445220:1:
> 1484412170445227:1:LINK STATS to 2: 0 0 3
> 1484412170445272:1:
> 1484412170445285:1:LINK STATS to 3: 0 0 3
> 1484412170552880:1: 7705 P 0.18 0 35994 594050 2746 950224 2299430 35994 594050 2746 950224 2299430
> 1484412170553053:1:tx 0 0 0 0 0 0 0 0 0 0 0 0 0 0 0 0 0 0 0 0 0 0 0 0 0 0 0 0 0 0 0 0 0 0 0 15 0 0 0 0 0 0 0 0 0 0 0 0 0 0 0 0 0 0 0 0 0 0 0 0 0 0 0 0 0 0 0 0 0 0 0 0 0 0 0 0 0 0 0 0 0 0 0 0 0 0 0 0 0 0 0 0 0 0 0 0 0 0 0 0 0 0 0 0 0 0 0 0 0 0 0 0 0 0 0 0 0 0 0 0 0 0 0 0 0 0 0 0 
> 1484412170583244:1:rx 2638 0 0 0 0 0 0 0 0 0 0 0 0 0 0 0 0 0 0 0 0 9 0 0 0 0 0 0 0 0 0 0 0 0 0 0 0 0 0 0 0 0 0 0 0 0 0 0 0 0 0 0 0 0 0 0 0 0 0 0 0 0 0 0 0 0 0 0 0 0 0 0 0 0 0 0 0 0 0 0 0 0 0 0 0 0 0 0 0 0 0 10 0 0 0 0 0 0 0 0 0 0 0 0 0 0 0 0 0 0 0 0 0 0 0 0 0 0 0 0 0 0 0 0 0 0 0 0 
> 1484412230447932:1:
> 1484412230447970:1:LINK STATS to 4: 0 0 5
> 1484412230447995:1:
> 1484412230447999:1:LINK STATS to 5: 0 0 5
> 1484412230448045:1:
> 1484412230448050:1:LINK STATS to 2: 0 0 6
> 1484412230448073:1:
> 1484412230448076:1:LINK STATS to 3: 0 0 5
> 1484412230548134:1: 15385 P 0.18 1 70028 1176722 5620 1905210 4595822 34034 582672 2874 954986 2296392
> 1484412230548283:1:tx 0 0 0 0 0 0 0 0 0 0 0 0 0 0 0 0 0 0 0 0 0 0 0 0 0 0 0 0 0 0 0 0 0 0 0 30 0 0 0 0 0 0 0 0 0 0 0 0 0 0 0 0 0 0 0 0 0 0 0 0 0 0 0 0 0 0 0 0 0 0 0 0 0 0 0 0 0 0 0 0 0 0 0 0 0 0 0 0 0 0 0 0 0 0 0 0 0 0 0 0 0 0 0 0 0 0 0 0 0 0 0 0 0 0 0 0 0 0 0 0 0 0 0 0 0 0 0 0 
> 1484412230578334:1:rx 5275 0 0 0 0 0 0 0 0 0 0 0 0 0 0 0 0 0 0 0 0 30 0 0 0 0 0 0 0 0 0 0 0 0 0 0 0 0 0 0 0 0 0 0 0 0 0 0 0 0 0 0 0 0 0 0 0 0 0 0 0 0 0 0 0 0 0 0 0 0 0 0 0 0 0 0 0 0 0 0 0 0 0 0 0 0 0 0 0 0 0 10 0 0 0 0 0 0 0 0 0 0 0 0 0 0 0 0 0 0 0 0 0 0 0 0 0 0 0 0 0 0 0 0 0 0 0 0 
> 1484412245331026:1:rx 2: 1
> 1484412254179261:1:rx 4: 1
> 1484412261015486:1:rx 3: 1
> 1484412267491390:1:rx 2: 2
> 1484412268862721:1:rx 4: 2
> 1484412270554362:1:rx 2: 3
> 1484412270854408:1:rx 5: 1
> 1484412276239532:1:rx 3: 2
> 1484412278781894:1:rx 5: 2
> 1484412285167759:1:rx 4: 3
> 1484412290442920:1:
> 1484412290442969:1:LINK STATS to 4: 0 0 7
> 1484412290443009:1:
> 1484412290443015:1:LINK STATS to 5: 0 0 6
> 1484412290443077:1:
> 1484412290443084:1:LINK STATS to 2: 0 0 6
> 1484412290443136:1:
> 1484412290443145:1:LINK STATS to 3: 0 0 7
> 1484412290543425:1: 23065 P 0.18 2 106322 1760690 7488 2860140 6891820 36294 583968 1868 954930 2295998
> 1484412290543598:1:tx 0 0 0 0 0 0 0 0 0 0 0 0 0 0 0 0 0 0 0 0 0 0 0 0 0 0 0 0 0 0 0 0 0 0 0 32 0 0 0 0 0 0 0 0 0 0 0 0 0 0 0 0 0 0 0 0 0 0 0 0 0 0 0 0 0 0 0 0 0 0 0 0 0 0 0 0 0 0 0 0 0 0 0 0 0 0 0 0 0 0 0 0 0 0 0 0 0 0 0 0 0 0 0 0 0 0 0 0 0 0 0 0 0 0 0 0 0 0 0 0 0 0 0 0 0 0 0 0 
> 1484412290573387:1:rx 7912 0 0 0 0 0 0 0 0 0 0 0 0 0 0 0 0 0 0 0 0 46 0 0 0 0 0 0 0 0 0 0 0 0 0 0 0 0 0 0 0 0 0 0 0 0 0 0 0 0 0 0 0 0 0 0 0 0 0 0 0 0 0 0 0 0 0 0 0 0 0 0 0 0 0 0 0 0 0 0 0 0 0 0 0 0 0 0 0 0 0 20 0 0 0 0 0 0 0 0 0 0 0 0 0 0 0 0 0 0 0 0 0 0 0 0 0 0 0 0 0 0 0 0 0 0 0 0 
> 1484412290602585:1:--- Network status ---
> 1484412290602615:1:-- Server IPv6 addresses:
> 1484412290602643:1:-- fd00::212:4b00:0:fe01
> 1484412290613479:1:-- fe80::212:4b00:0:fe01
> 1484412290613515:1:-- Default route:
> 1484412290613531:1:-- None
> 1484412290613538:1:-- Routing entries (0 in total):
> 1484412290613573:1:----------------------
> 1484412291733659:1:rx 3: 3
> 1484412291813737:1:rx 2: 4
> 1484412295537067:1:rx 5: 3
> 1484412296688212:1:rx 3: 4
> 1484412308949549:1:rx 4: 4
> 1484412312002225:1:rx 3: 5
> 1484412312442731:1:rx 2: 5
> 1484412317597332:1:rx 4: 5
> 1484412321751149:1:rx 5: 4
> 1484412324964323:1:rx 2: 6
> 1484412333712369:1:rx 3: 6
> 1484412337065298:1:rx 5: 5
> 1484412338136370:1:rx 4: 6
> 1484412339197276:1:rx 2: 7
> 1484412343711585:1:rx 3: 7
> 1484412348956347:1:rx 5: 6
> 1484412350438231:1:
> 1484412350438323:1:LINK STATS to 4: 0 0 7
> 1484412350438367:1:
> 1484412350438373:1:LINK STATS to 5: 0 0 8
> 1484412350438433:1:
> 1484412350438446:1:LINK STATS to 2: 0 0 7
> 1484412350438511:1:
> 1484412350438523:1:LINK STATS to 3: 0 0 7
> 1484412350538387:1: 30745 P 0.18 3 145358 2345436 9448 3802266 9198456 39036 584746 1960 942126 2306636
> 1484412350538555:1:tx 0 0 0 0 0 0 0 0 0 0 0 0 0 0 0 0 0 0 0 0 0 0 0 0 0 0 0 0 0 0 0 0 0 0 0 33 0 0 0 0 0 0 0 0 0 0 0 0 0 0 0 0 0 0 0 0 0 0 0 0 0 0 0 0 0 0 0 0 0 0 0 0 0 0 0 0 0 0 0 0 0 0 0 0 0 0 0 0 0 0 0 0 0 0 0 0 0 0 0 0 0 0 0 0 0 0 0 0 0 0 0 0 0 0 0 0 0 0 0 0 0 0 0 0 0 0 0 0 
> 1484412350568570:1:rx 10546 0 0 0 0 0 0 0 0 0 0 0 0 0 0 0 0 0 0 0 0 59 0 0 0 0 0 0 0 0 0 0 0 0 0 0 0 0 0 0 0 0 0 0 0 0 0 0 0 0 0 0 0 0 0 0 0 0 0 0 0 0 0 0 0 0 0 0 0 0 0 0 0 0 0 0 0 0 0 0 0 0 0 0 0 0 0 0 0 0 0 36 0 0 0 0 0 0 0 0 0 0 0 0 0 0 0 0 0 0 0 0 0 0 0 0 0 0 0 0 0 0 0 0 0 0 0 0 
> 1484412350597670:1:--- Network status ---
> 1484412350597711:1:-- Server IPv6 addresses:
> 1484412350597760:1:-- fd00::212:4b00:0:fe01
> 1484412350608675:1:-- fe80::212:4b00:0:fe01
> 1484412350608733:1:-- Default route:
> 1484412350608775:1:-- None
> 1484412350608790:1:-- Routing entries (0 in total):
> 1484412350608857:1:----------------------
> 1484412352279379:1:rx 4: 7
> 1484412360366693:1:rx 2: 8
> 1484412361747937:1:rx 5: 7
> 1484412363799899:1:rx 3: 8
> 1484412367593227:1:rx 4: 8
> 1484412371897275:1:rx 2: 9
> 1484412376611630:1:rx 5: 8
> 1484412381906504:1:rx 3: 9
> 1484412392636250:1:rx 4: 9
> 1484412393727409:1:rx 5: 9
> 1484412395859281:1:rx 2: 10
> 1484412396419899:1:rx 4: 10
> 1484412397310831:1:rx 3: 10
> 1484412403276427:1:rx 5: 10
> 1484412407850409:1:rx 3: 11
> 1484412410433300:1:
> 1484412410433338:1:LINK STATS to 4: 0 0 8
> 1484412410433364:1:
> 1484412410433368:1:LINK STATS to 5: 0 0 7
> 1484412410433414:1:
> 1484412410433419:1:LINK STATS to 2: 0 0 8
> 1484412410433441:1:
> 1484412410433444:1:LINK STATS to 3: 0 0 7
> 1484412410533498:1: 38425 P 0.18 4 184356 2930242 11470 4753000 11496852 38998 584806 2022 950734 2298396
> 1484412410533617:1:tx 0 0 0 0 0 0 0 0 0 0 0 0 0 0 0 0 0 0 0 0 0 0 0 0 0 0 0 0 0 0 0 0 0 0 0 34 0 0 0 0 0 0 0 0 0 0 0 0 0 0 0 0 0 0 0 0 0 0 0 0 0 0 0 0 0 0 0 0 0 0 0 0 0 0 0 0 0 0 0 0 0 0 0 0 0 0 0 0 0 0 0 0 0 0 0 0 0 0 0 0 0 0 0 0 0 0 0 0 0 0 0 0 0 0 0 0 0 0 0 0 0 0 0 0 0 0 0 0 
> 1484412410593227:1:rx 13181 0 0 0 0 0 0 0 0 0 0 0 0 0 0 0 0 0 0 0 0 74 0 0 0 0 0 0 0 0 0 0 0 0 0 0 0 0 0 0 0 0 0 0 0 0 0 0 0 0 0 0 0 0 0 0 0 0 0 0 0 0 0 0 0 0 0 0 0 0 0 0 0 0 0 0 0 0 0 0 0 0 0 0 0 0 0 0 0 0 0 51 0 0 0 0 0 0 0 0 0 0 0 0 0 0 0 0 0 0 0 0 0 0 0 0 0 0 0 0 0 0 0 0 0 0 0 0 
> 1484412410611619:1:--- Network status ---
> 1484412410611660:1:-- Server IPv6 addresses:
> 1484412410611698:1:-- fd00::212:4b00:0:fe01
> 1484412410611727:1:-- fe80::212:4b00:0:fe01
> 1484412410611762:1:-- Default route:
> 1484412410611784:1:-- None
> 1484412410611795:1:-- Routing entries (0 in total):
> 1484412410611836:1:----------------------
> 1484412413155434:1:rx 2: 11
> 1484412417138825:1:rx 4: 11
> 1484412418560305:1:rx 2: 12
> 1484412419310879:1:rx 5: 11
> 1484412432533173:1:rx 3: 12
> 1484412432793418:1:rx 2: 13
> 1484412435605871:1:rx 4: 12
> 1484412439129132:1:rx 5: 12
> 1484412446315964:1:rx 3: 13
> 1484412451280226:1:rx 4: 13
> 1484412453602511:1:rx 2: 14
> 1484412458216708:1:rx 4: 14
> 1484412460278415:1:rx 3: 14
> 1484412464172162:1:rx 5: 13
> 1484412466124002:1:rx 2: 15
> 1484412470428396:1:
> 1484412470428420:1:LINK STATS to 4: 0 0 7
> 1484412470428437:1:
> 1484412470428439:1:LINK STATS to 5: 0 0 7
> 1484412470428462:1:
> 1484412470428465:1:LINK STATS to 2: 0 0 8
> 1484412470428483:1:
> 1484412470428485:1:LINK STATS to 3: 0 0 7
> 1484412470528685:1: 46105 P 0.18 5 223344 3514830 13428 5700810 13797838 38988 584588 1958 947810 2300986
> 1484412470528746:1:tx 0 0 0 0 0 0 0 0 0 0 0 0 0 0 0 0 0 0 0 0 0 0 0 0 0 0 0 0 0 0 0 0 0 0 0 35 0 0 0 0 0 0 0 0 0 0 0 0 0 0 0 0 0 0 0 0 0 0 0 0 0 0 0 0 0 0 0 0 0 0 0 0 0 0 0 0 0 0 0 0 0 0 0 0 0 0 0 0 0 0 0 0 0 0 0 0 0 0 0 0 0 0 0 0 0 0 0 0 0 0 0 0 0 0 0 0 0 0 0 0 0 0 0 0 0 0 0 0 
> 1484412470588042:1:rx 15815 0 0 0 0 0 0 0 0 0 0 0 0 0 0 0 0 0 0 0 0 88 0 0 0 0 0 0 0 0 0 0 0 0 0 0 0 0 0 0 0 0 0 0 0 0 0 0 0 0 0 0 0 0 0 0 0 0 0 0 0 0 0 0 0 0 0 0 0 0 0 0 0 0 0 0 0 0 0 0 0 0 0 0 0 0 0 0 0 0 0 66 0 0 0 0 0 0 0 0 0 0 0 0 0 0 0 0 0 0 0 0 0 0 0 0 0 0 0 0 0 0 0 0 0 0 0 0 
> 1484412470606873:1:--- Network status ---
> 1484412470606891:1:-- Server IPv6 addresses:
> 1484412470606904:1:-- fd00::212:4b00:0:fe01
> 1484412470606915:1:-- fe80::212:4b00:0:fe01
> 1484412470606929:1:-- Default route:
> 1484412470606938:1:-- None
> 1484412470606942:1:-- Routing entries (0 in total):
> 1484412470606958:1:----------------------
> 1484412477664383:1:rx 3: 15
> 1484412480537263:1:rx 2: 16
> 1484412481918426:1:rx 5: 14
> 1484412485151470:1:rx 4: 15
> 1484412487213363:1:rx 3: 16
> 1484412495971252:1:rx 5: 15
> 1484412496321557:1:rx 4: 16
> 1484412503238052:1:rx 2: 17
> 1484412503428199:1:rx 3: 17
> 1484412510204237:1:rx 5: 16
> 1484412513237277:1:rx 2: 18
> 1484412516500037:1:rx 4: 17
> 1484412516870588:1:rx 5: 17
> 1484412528020788:1:rx 3: 18
> 1484412528571255:1:rx 4: 18
> 1484412530431253:1:
> 1484412530431291:1:LINK STATS to 4: 0 0 7
> 1484412530431317:1:
> 1484412530431322:1:LINK STATS to 5: 0 0 8
> 1484412530431368:1:
> 1484412530431372:1:LINK STATS to 2: 0 0 7
> 1484412530431395:1:
> 1484412530431398:1:LINK STATS to 3: 0 0 8
> 1484412530523741:1: 53785 P 0.18 6 262840 4099816 15450 6647270 16099402 39496 584986 2022 946460 2301564
> 1484412530523887:1:tx 0 0 0 0 0 0 0 0 0 0 0 0 0 0 0 0 0 0 0 0 0 0 0 0 0 0 0 0 0 0 0 0 0 0 0 36 0 0 0 0 0 0 0 0 0 0 0 0 0 0 0 0 0 0 0 0 0 0 0 0 0 0 0 0 0 0 0 0 0 0 0 0 0 0 0 0 0 0 0 0 0 0 0 0 0 0 0 0 0 0 0 0 0 0 0 0 0 0 0 0 0 0 0 0 0 0 0 0 0 0 0 0 0 0 0 0 0 0 0 0 0 0 0 0 0 0 0 0 
> 1484412530582905:1:rx 18449 0 0 0 0 0 0 0 0 0 0 0 0 0 0 0 0 0 0 0 0 103 0 0 0 0 0 0 0 0 0 0 0 0 0 0 0 0 0 0 0 0 0 0 0 0 0 0 0 0 0 0 0 0 0 0 0 0 0 0 0 0 0 0 0 0 0 0 0 0 0 0 0 0 0 0 0 0 0 0 0 0 0 0 0 0 0 0 0 0 0 81 0 0 0 0 0 0 0 0 0 0 0 0 0 0 0 0 0 0 0 0 0 0 0 0 0 0 0 0 0 0 0 0 0 0 0 0 
> 1484412530602080:1:--- Network status ---
> 1484412530602122:1:-- Server IPv6 addresses:
> 1484412530602151:1:-- fd00::212:4b00:0:fe01
> 1484412530602174:1:-- fe80::212:4b00:0:fe01
> 1484412530602201:1:-- Default route:
> 1484412530602224:1:-- None
> 1484412530602238:1:-- Routing entries (0 in total):
> 1484412530602347:1:----------------------
> 1484412537199077:1:rx 2: 19
> 1484412541903450:1:rx 4: 19
> 1484412543084752:1:rx 5: 18
> 1484412543685131:1:rx 2: 20
> 1484412548649718:1:rx 3: 19
> 1484412554865463:1:rx 3: 20
> 1484412559299358:1:rx 5: 19
> 1484412560100232:1:rx 4: 20
> 1484412567837330:1:rx 3: 21
> 1484412568908405:1:rx 2: 21
> 1484412569659104:1:rx 5: 20
> 1484412574513305:1:rx 4: 21
> 1484412580979491:1:rx 2: 22
> 1484412582791032:1:rx 3: 22
> 1484412583892064:1:rx 5: 21
> 1484412590426202:1:
> 1484412590426219:1:LINK STATS to 4: 0 0 7
> 1484412590426229:1:
> 1484412590426231:1:LINK STATS to 5: 0 0 7
> 1484412590426272:1:
> 1484412590426274:1:LINK STATS to 2: 0 0 8
> 1484412590426283:1:
> 1484412590426285:1:LINK STATS to 3: 0 0 7
> 1484412590518969:1: 61465 P 0.18 7 302374 4684808 17472 7592622 18402240 39534 584992 2022 945352 2302838
> 1484412590519076:1:tx 0 0 0 0 0 0 0 0 0 0 0 0 0 0 0 0 0 0 0 0 0 0 0 0 0 0 0 0 0 0 0 0 0 0 0 37 0 0 0 0 0 0 0 0 0 0 0 0 0 0 0 0 0 0 0 0 0 0 0 0 0 0 0 0 0 0 0 0 0 0 0 0 0 0 0 0 0 0 0 0 0 0 0 0 0 0 0 0 0 0 0 0 0 0 0 0 0 0 0 0 0 0 0 0 0 0 0 0 0 0 0 0 0 0 0 0 0 0 0 0 0 0 0 0 0 0 0 0 
> 1484412590578616:1:rx 21082 0 0 0 0 0 0 0 0 0 0 0 0 0 0 0 0 0 0 0 0 117 0 0 0 0 0 0 0 0 0 0 0 0 0 0 0 0 0 0 0 0 0 0 0 0 0 0 0 0 0 0 0 0 0 0 0 0 0 0 0 0 0 0 0 0 0 0 0 0 0 0 0 0 0 0 0 0 0 0 0 0 0 0 0 0 0 0 0 0 0 97 0 0 0 0 0 0 0 0 0 0 0 0 0 0 0 0 0 0 0 0 0 0 0 0 0 0 0 0 0 0 0 0 0 0 0 0 
> 1484412590597047:1:--- Network status ---
> 1484412590597076:1:-- Server IPv6 addresses:
> 1484412590597102:1:-- fd00::212:4b00:0:fe01
> 1484412590597123:1:-- fe80::212:4b00:0:fe01
> 1484412590597148:1:-- Default route:
> 1484412590597164:1:-- None
> 1484412590597173:1:-- Routing entries (0 in total):
> 1484412590597203:1:----------------------
> 1484412594962147:1:rx 4: 22
> 1484412600467395:1:rx 5: 22
> 1484412601528261:1:rx 3: 23
> 1484412604851275:1:rx 2: 23
> 1484412611897593:1:rx 4: 23
> 1484412615210838:1:rx 2: 24
> 1484412618483917:1:rx 5: 23
> 1484412626130911:1:rx 4: 24
> 1484412627922641:1:rx 3: 24
> 1484412635930073:1:rx 2: 25
> 1484412638472268:1:rx 4: 25
> 1484412641184765:1:rx 5: 24
> 1484412641334797:1:rx 2: 26
> 1484412642876192:1:rx 3: 25
> 1484412650421550:1:
> 1484412650421589:1:LINK STATS to 4: 0 0 8
> 1484412650421614:1:
> 1484412650421618:1:LINK STATS to 5: 0 0 7
> 1484412650421664:1:
> 1484412650421669:1:LINK STATS to 2: 0 0 7
> 1484412650421690:1:
> 1484412650421693:1:LINK STATS to 3: 0 0 7
> 1484412650514008:1: 69145 P 0.18 8 341452 5269900 19494 8546908 20696202 39078 585092 2022 954286 2293962
> 1484412650514133:1:tx 0 0 0 0 0 0 0 0 0 0 0 0 0 0 0 0 0 0 0 0 0 0 0 0 0 0 0 0 0 0 0 0 0 0 0 38 0 0 0 0 0 0 0 0 0 0 0 0 0 0 0 0 0 0 0 0 0 0 0 0 0 0 0 0 0 0 0 0 0 0 0 0 0 0 0 0 0 0 0 0 0 0 0 0 0 0 0 0 0 0 0 0 0 0 0 0 0 0 0 0 0 0 0 0 0 0 0 0 0 0 0 0 0 0 0 0 0 0 0 0 0 0 0 0 0 0 0 0 
> 1484412650573645:1:rx 23716 0 0 0 0 0 0 0 0 0 0 0 0 0 0 0 0 0 0 0 0 132 0 0 0 0 0 0 0 0 0 0 0 0 0 0 0 0 0 0 0 0 0 0 0 0 0 0 0 0 0 0 0 0 0 0 0 0 0 0 0 0 0 0 0 0 0 0 0 0 0 0 0 0 0 0 0 0 0 0 0 0 0 0 0 0 0 0 0 0 0 112 0 0 0 0 0 0 0 0 0 0 0 0 0 0 0 0 0 0 0 0 0 0 0 0 0 0 0 0 0 0 0 0 0 0 0 0 
> 1484412650592311:1:--- Network status ---
> 1484412650592339:1:-- Server IPv6 addresses:
> 1484412650592361:1:-- fd00::212:4b00:0:fe01
> 1484412650592391:1:-- fe80::212:4b00:0:fe01
> 1484412650592421:1:-- Default route:
> 1484412650592440:1:-- None
> 1484412650592455:1:-- Routing entries (0 in total):
> 1484412650592490:1:----------------------
> 1484412651454147:1:rx 5: 25
> 1484412657830040:1:rx 3: 26
> 1484412663064853:1:rx 4: 26
> 1484412663314878:1:rx 2: 27
> 1484412663324996:1:rx 3: 27
> 1484412665056604:1:rx 5: 26
> 1484412665767147:1:rx 4: 27
> 1484412670431636:1:rx 2: 28
> 1484412684154312:1:rx 5: 27
> 1484412687647417:1:rx 3: 28
> 1484412692622072:1:rx 5: 28
> 1484412695834905:1:rx 2: 29
> 1484412696755817:1:rx 4: 28
> 1484412700619287:1:rx 3: 29
> 1484412706845035:1:rx 4: 29
> 1484412710416294:1:
> 1484412710416314:1:LINK STATS to 4: 0 0 7
> 1484412710416327:1:
> 1484412710416329:1:LINK STATS to 5: 0 0 7
> 1484412710416355:1:
> 1484412710416356:1:LINK STATS to 2: 0 0 7
> 1484412710416362:1:
> 1484412710416363:1:LINK STATS to 3: 0 0 8
> 1484412710509000:1: 76825 P 0.18 9 380384 5855080 21554 9493140 22998690 38932 585180 2060 946232 2302488
> 1484412710519023:1:tx 0 0 0 0 0 0 0 0 0 0 0 0 0 0 0 0 0 0 0 0 0 0 0 0 0 0 0 0 0 0 0 0 0 0 0 40 0 0 0 0 0 0 0 0 0 0 0 0 0 0 0 0 0 0 0 0 0 0 0 0 0 0 0 0 0 0 0 0 0 0 0 0 0 0 0 0 0 0 0 0 0 0 0 0 0 0 0 0 0 0 0 0 0 0 0 0 0 0 0 0 0 0 0 0 0 0 0 0 0 0 0 0 0 0 0 0 0 0 0 0 0 0 0 0 0 0 0 0 
> 1484412710568417:1:rx 26351 0 0 0 0 0 0 0 0 0 0 0 0 0 0 0 0 0 0 0 0 146 0 0 0 0 0 0 0 0 0 0 0 0 0 0 0 0 0 0 0 0 0 0 0 0 0 0 0 0 0 0 0 0 0 0 0 0 0 0 0 0 0 0 0 0 0 0 0 0 0 0 0 0 0 0 0 0 0 0 0 0 0 0 0 0 0 0 0 0 0 127 0 0 0 0 0 0 0 0 0 0 0 0 0 0 0 0 0 0 0 0 0 0 0 0 0 0 0 0 0 0 0 0 0 0 0 0 
> 1484412710592359:1:--- Network status ---
> 1484412710592392:1:-- Server IPv6 addresses:
> 1484412710592417:1:-- fd00::212:4b00:0:fe01
> 1484412710592438:1:-- fe80::212:4b00:0:fe01
> 1484412710592488:1:-- Default route:
> 1484412710592509:1:-- None
> 1484412710592527:1:-- Routing entries (0 in total):
> 1484412710595065:1:----------------------
> 1484412712860464:1:rx 2: 30
> 1484412713160884:1:rx 5: 29
> 1484412721428326:1:rx 3: 30
> 1484412724861409:1:rx 4: 30
> 1484412731527554:1:rx 4: 31
> 1484412732858600:1:rx 2: 31
> 1484412733049043:1:rx 3: 31
> 1484412733759604:1:rx 2: 32
> 1484412737573174:1:rx 5: 30
> 1484412750264650:1:rx 4: 32
> 1484412751155585:1:rx 3: 32
> 1484412752526827:1:rx 5: 31
> 1484412759613497:1:rx 2: 33
> 1484412760704249:1:rx 3: 33
> 1484412762606235:1:rx 4: 33
> 1484412769072388:1:rx 2: 34
> 1484412769462547:1:rx 5: 32
> 1484412770411665:1:
> 1484412770411710:1:LINK STATS to 4: 0 0 7
> 1484412770411719:1:
> 1484412770411721:1:LINK STATS to 5: 0 0 8
> 1484412770411732:1:
> 1484412770411733:1:LINK STATS to 2: 0 0 8
> 1484412770411742:1:
> 1484412770411743:1:LINK STATS to 3: 0 0 7
> 1484412770504069:1: 84505 P 0.18 10 419892 6440174 23576 10433024 25306864 39508 585094 2022 939884 2308174
> 1484412770514152:1:tx 0 0 0 0 0 0 0 0 0 0 0 0 0 0 0 0 0 0 0 0 0 0 0 0 0 0 0 0 0 0 0 0 0 0 0 41 0 0 0 0 0 0 0 0 0 0 0 0 0 0 0 0 0 0 0 0 0 0 0 0 0 0 0 0 0 0 0 0 0 0 0 0 0 0 0 0 0 0 0 0 0 0 0 0 0 0 0 0 0 0 0 0 0 0 0 0 0 0 0 0 0 0 0 0 0 0 0 0 0 0 0 0 0 0 0 0 0 0 0 0 0 0 0 0 0 0 0 0 
> 1484412770563292:1:rx 28985 0 0 0 0 0 0 0 0 0 0 0 0 0 0 0 0 0 0 0 0 159 0 0 0 0 0 0 0 0 0 0 0 0 0 0 0 0 0 0 0 0 0 0 0 0 0 0 0 0 0 0 0 0 0 0 0 0 0 0 0 0 0 0 0 0 0 0 0 0 0 0 0 0 0 0 0 0 0 0 0 0 0 0 0 0 0 0 0 0 0 144 0 0 0 0 0 0 0 0 0 0 0 0 0 0 0 0 0 0 0 0 0 0 0 0 0 0 0 0 0 0 0 0 0 0 0 0 
> 1484412770587464:1:--- Network status ---
> 1484412770587488:1:-- Server IPv6 addresses:
> 1484412770587507:1:-- fd00::212:4b00:0:fe01
> 1484412770587529:1:-- fe80::212:4b00:0:fe01
> 1484412770587569:1:-- Default route:
> 1484412770587585:1:-- None
> 1484412770587598:1:-- Routing entries (0 in total):
> 1484412770590373:1:----------------------
> 1484412783505250:1:rx 4: 34
> 1484412784326062:1:rx 5: 33
> 1484412785557134:1:rx 2: 35
> 1484412789891260:1:rx 3: 34
> 1484412792053074:1:rx 3: 35
> 1484412797478322:1:rx 5: 34
> 1484412800150444:1:rx 2: 36
> 1484412806656506:1:rx 4: 35
> 1484412811871407:1:rx 3: 36
> 1484412812241522:1:rx 4: 36
> 1484412812522008:1:rx 5: 35
> 1484412823402062:1:rx 3: 37
> 1484412827806033:1:rx 2: 37
> 1484412830238472:1:rx 2: 38
> 1484412830258352:1:rx 4: 37
> 1484412830406692:1:
> 1484412830406727:1:LINK STATS to 4: 0 0 8
> 1484412830406750:1:
> 1484412830406754:1:LINK STATS to 5: 0 0 7
> 1484412830406794:1:
> 1484412830406798:1:LINK STATS to 2: 0 0 8
> 1484412830406819:1:
> 1484412830406822:1:LINK STATS to 3: 0 0 8
> 1484412830499275:1: 92185 P 0.18 11 459328 7025188 25726 11381922 27606156 39436 585014 2150 948898 2299292
> 1484412830509137:1:tx 0 0 0 0 0 0 0 0 0 0 0 0 0 0 0 0 0 0 0 0 0 0 0 0 0 0 0 0 0 0 0 0 0 0 0 42 0 0 0 0 0 0 0 0 0 0 0 0 0 0 0 0 0 0 0 0 0 0 0 0 0 0 0 0 0 0 0 0 0 0 0 0 0 0 0 0 0 0 0 0 0 0 0 0 0 0 0 0 0 0 0 0 0 0 0 0 0 0 0 0 0 0 0 0 0 0 0 0 0 0 0 0 0 0 0 0 0 0 0 0 0 0 0 0 0 0 0 0 
> 1484412830559024:1:rx 31617 0 0 0 0 0 0 0 0 0 0 0 0 0 0 0 0 0 0 0 0 176 0 0 0 0 0 0 0 0 0 0 0 0 0 0 0 0 0 0 0 0 0 0 0 0 0 0 0 0 0 0 0 0 0 0 0 0 0 0 0 0 0 0 0 0 0 0 0 0 0 0 0 0 0 0 0 0 0 0 0 0 0 0 0 0 0 0 0 0 0 159 0 0 0 0 0 0 0 0 0 0 0 0 0 0 0 0 0 0 0 0 0 0 0 0 0 0 0 0 0 0 0 0 0 0 0 0 
> 1484412830581945:1:--- Network status ---
> 1484412830581961:1:-- Server IPv6 addresses:
> 1484412830581975:1:-- fd00::212:4b00:0:fe01
> 1484412830581986:1:-- fe80::212:4b00:0:fe01
> 1484412830581999:1:-- Default route:
> 1484412830582007:1:-- None
> 1484412830582014:1:-- Routing entries (0 in total):
> 1484412830585491:1:----------------------
> 1484412831979969:1:rx 5: 36
> 1484412845292089:1:rx 3: 38
> 1484412848344907:1:rx 2: 39
> 1484412850987346:1:rx 5: 37
> 1484412853059280:1:rx 5: 38
> 1484412855391282:1:rx 4: 38
> 1484412864289465:1:rx 2: 40
> 1484412867362392:1:rx 3: 39
> 1484412868102958:1:rx 5: 39
> 1484412868633624:1:rx 4: 39
> 1484412873307912:1:rx 3: 40
> 1484412879603537:1:rx 2: 41
> 1484412880614516:1:rx 4: 40
> 1484412886189555:1:rx 3: 41
> 1484412890404368:1:
> 1484412890404391:1:LINK STATS to 4: 0 0 7
> 1484412890404405:1:
> 1484412890404407:1:LINK STATS to 5: 0 0 8
> 1484412890412960:1:
> 1484412890412977:1:LINK STATS to 2: 0 0 6
> 1484412890412991:1:
> 1484412890412993:1:LINK STATS to 3: 0 0 7
> 1484412890494400:1: 99865 P 0.18 12 497936 7609992 27684 12333182 29903780 38608 584804 1958 951260 2297624
> 1484412890504209:1:tx 0 0 0 0 0 0 0 0 0 0 0 0 0 0 0 0 0 0 0 0 0 0 0 0 0 0 0 0 0 0 0 0 0 0 0 43 0 0 0 0 0 0 0 0 0 0 0 0 0 0 0 0 0 0 0 0 0 0 0 0 0 0 0 0 0 0 0 0 0 0 0 0 0 0 0 0 0 0 0 0 0 0 0 0 0 0 0 0 0 0 0 0 0 0 0 0 0 0 0 0 0 0 0 0 0 0 0 0 0 0 0 0 0 0 0 0 0 0 0 0 0 0 0 0 0 0 0 0 
> 1484412890554205:1:rx 34252 0 0 0 0 0 0 0 0 0 0 0 0 0 0 0 0 0 0 0 0 191 0 0 0 0 0 0 0 0 0 0 0 0 0 0 0 0 0 0 0 0 0 0 0 0 0 0 0 0 0 0 0 0 0 0 0 0 0 0 0 0 0 0 0 0 0 0 0 0 0 0 0 0 0 0 0 0 0 0 0 0 0 0 0 0 0 0 0 0 0 173 0 0 0 0 0 0 0 0 0 0 0 0 0 0 0 0 0 0 0 0 0 0 0 0 0 0 0 0 0 0 0 0 0 0 0 0 
> 1484412890577158:1:--- Network status ---
> 1484412890577171:1:-- Server IPv6 addresses:
> 1484412890577180:1:-- fd00::212:4b00:0:fe01
> 1484412890577187:1:-- fe80::212:4b00:0:fe01
> 1484412890577196:1:-- Default route:
> 1484412890577205:1:-- None
> 1484412890577212:1:-- Routing entries (0 in total):
> 1484412890580491:1:----------------------
> 1484412895848538:1:rx 5: 40
> 1484412902664999:1:rx 2: 42
> 1484412903585771:1:rx 4: 41
> 1484412910151576:1:rx 3: 42
> 1484412912153555:1:rx 5: 41
> 1484412919440054:1:rx 4: 42
> 1484412920441016:1:rx 5: 42
> 1484412921041534:1:rx 2: 43
> 1484412923043535:1:rx 4: 43
> 1484412933302941:1:rx 3: 43
> 1484412934644158:1:rx 2: 44
> 1484412938547675:1:rx 5: 43
> 1484412939878905:1:rx 3: 44
> 1484412944393057:1:rx 4: 44
> 1484412949507738:1:rx 2: 45
> 1484412950399404:1:
> 1484412950399420:1:LINK STATS to 4: 0 0 8
> 1484412950399430:1:
> 1484412950399432:1:LINK STATS to 5: 0 0 7
> 1484412950408000:1:
> 1484412950408007:1:LINK STATS to 2: 0 0 9
> 1484412950408027:1:
> 1484412950408028:1:LINK STATS to 3: 0 0 7
> 1484412950489453:1: 107545 P 0.18 13 537128 8195130 29770 13286256 32198972 39192 585138 2086 953074 2295192
> 1484412950499292:1:tx 0 0 0 0 0 0 0 0 0 0 0 0 0 0 0 0 0 0 0 0 0 0 0 0 0 0 0 0 0 0 0 0 0 0 0 44 0 0 0 0 0 0 0 0 0 0 0 0 0 0 0 0 0 0 0 0 0 0 0 0 0 0 0 0 0 0 0 0 0 0 0 0 0 0 0 0 0 0 0 0 0 0 0 0 0 0 0 0 0 0 0 0 0 0 0 0 0 0 0 0 0 0 0 0 0 0 0 0 0 0 0 0 0 0 0 0 0 0 0 0 0 0 0 0 0 0 0 0 
> 1484412950548595:1:rx 36885 0 0 0 0 0 0 0 0 0 0 0 0 0 0 0 0 0 0 0 0 207 0 0 0 0 0 0 0 0 0 0 0 0 0 0 0 0 0 0 0 0 0 0 0 0 0 0 0 0 0 0 0 0 0 0 0 0 0 0 0 0 0 0 0 0 0 0 0 0 0 0 0 0 0 0 0 0 0 0 0 0 0 0 0 0 0 0 0 0 0 188 0 0 0 0 0 0 0 0 0 0 0 0 0 0 0 0 0 0 0 0 0 0 0 0 0 0 0 0 0 0 0 0 0 0 0 0 
> 1484412950572744:1:--- Network status ---
> 1484412950572762:1:-- Server IPv6 addresses:
> 1484412950572775:1:-- fd00::212:4b00:0:fe01
> 1484412950572786:1:-- fe80::212:4b00:0:fe01
> 1484412950572799:1:-- Default route:
> 1484412950572807:1:-- None
> 1484412950572814:1:-- Routing entries (0 in total):
> 1484412950575307:1:----------------------
> 1484412958896469:1:rx 4: 45
> 1484412961398862:1:rx 2: 46
> 1484412962509885:1:rx 5: 44
> 1484412965462430:1:rx 3: 45
> 1484412971768091:1:rx 3: 46
> 1484412977453487:1:rx 4: 46
> 1484412978424379:1:rx 2: 47
> 1484412978544395:1:rx 5: 45
> 1484412991246053:1:rx 5: 46
> 1484412993838381:1:rx 3: 47
> 1484412994569059:1:rx 4: 47
> 1484412996260567:1:rx 2: 48
> 1484412997371634:1:rx 5: 47
> 1484413010394518:1:
> 1484413010394558:1:LINK STATS to 4: 0 0 7
> 1484413010394583:1:
> 1484413010394588:1:LINK STATS to 5: 0 0 8
> 1484413010403332:1:
> 1484413010403371:1:LINK STATS to 2: 0 0 7
> 1484413010403397:1:
> 1484413010403402:1:LINK STATS to 3: 0 0 7
> 1484413010484723:1: 115225 P 0.18 14 575648 8779918 31728 14237380 34496664 38520 584788 1958 951124 2297692
> 1484413010494356:1:tx 0 0 0 0 0 0 0 0 0 0 0 0 0 0 0 0 0 0 0 0 0 0 0 0 0 0 0 0 0 0 0 0 0 0 0 45 0 0 0 0 0 0 0 0 0 0 0 0 0 0 0 0 0 0 0 0 0 0 0 0 0 0 0 0 0 0 0 0 0 0 0 0 0 0 0 0 0 0 0 0 0 0 0 0 0 0 0 0 0 0 0 0 0 0 0 0 0 0 0 0 0 0 0 0 0 0 0 0 0 0 0 0 0 0 0 0 0 0 0 0 0 0 0 0 0 0 0 0 
> 1484413010543956:1:rx 39520 0 0 0 0 0 0 0 0 0 0 0 0 0 0 0 0 0 0 0 0 223 0 0 0 0 0 0 0 0 0 0 0 0 0 0 0 0 0 0 0 0 0 0 0 0 0 0 0 0 0 0 0 0 0 0 0 0 0 0 0 0 0 0 0 0 0 0 0 0 0 0 0 0 0 0 0 0 0 0 0 0 0 0 0 0 0 0 0 0 0 201 0 0 0 0 0 0 0 0 0 0 0 0 0 0 0 0 0 0 0 0 0 0 0 0 0 0 0 0 0 0 0 0 0 0 0 0 
> 1484413010567853:1:--- Network status ---
> 1484413010567914:1:-- Server IPv6 addresses:
> 1484413010567968:1:-- fd00::212:4b00:0:fe01
> 1484413010568009:1:-- fe80::212:4b00:0:fe01
> 1484413010568055:1:-- Default route:
> 1484413010568086:1:-- None
> 1484413010568108:1:-- Routing entries (0 in total):
> 1484413010570622:1:----------------------
> 1484413011785127:1:rx 5: 48
> 1484413012035126:1:rx 3: 48
> 1484413012225241:1:rx 4: 48
> 1484413020222651:1:rx 2: 49
> 1484413023936003:1:rx 4: 49
> 1484413024556609:1:rx 3: 49
> 1484413027879751:1:rx 2: 50
> 1484413036377591:1:rx 5: 49
> 1484413040951707:1:rx 3: 50
> 1484413044545113:1:rx 2: 51
> 1484413046446913:1:rx 3: 51
> 1484413046636923:1:rx 4: 50
> 1484413052502324:1:rx 5: 50
> 1484413055915575:1:rx 4: 51
> 1484413057877186:1:rx 2: 52
