connecting to /dev/ttyUSB0 (115200) [OK]
> 1484414137719180:1: 7706 P 0.18 0 153896 52746 0 113588 3677764 153896 52746 0 113588 3677764
> 1484414137719219:1:tx 0 0 0 0 0 0 0 0 0 0 0 0 0 0 0 0 0 0 0 0 0 0 0 0 0 0 0 0 0 0 0 0 0 0 0 0 0 0 0 0 0 0 0 0 0 0 0 0 0 0 0 0 0 0 0 0 0 0 0 0 0 0 0 0 0 0 0 0 0 0 0 0 0 0 0 0 0 0 0 0 0 0 0 0 0 0 0 0 0 0 0 0 0 0 0 0 0 0 0 0 0 0 0 0 0 0 0 0 0 0 0 0 0 0 0 0 0 0 0 0 0 0 0 0 0 0 0 0 
> 1484414137750295:1:rx 0 0 0 0 0 0 0 0 0 0 0 0 0 0 0 0 0 0 0 0 0 0 0 0 0 0 0 0 0 0 0 0 0 0 0 0 0 0 0 0 0 0 0 0 0 0 0 0 0 0 0 0 0 0 0 0 0 0 0 0 0 0 0 0 0 0 0 0 0 0 0 0 0 0 0 0 0 0 0 0 0 0 0 0 0 0 0 0 0 0 0 0 0 0 0 0 0 0 0 0 0 0 0 0 0 0 0 0 0 0 0 0 0 0 0 0 0 0 0 0 0 0 0 0 0 0 0 0 
> 1484414197716252:1: 15386 P 0.18 1 292544 96562 0 226174 7358690 138648 43816 0 112586 3680926
> 1484414197716296:1:tx 0 0 0 0 0 0 0 0 0 0 0 0 0 0 0 0 0 0 0 0 0 0 0 0 0 0 0 0 0 0 0 0 0 0 0 0 0 0 0 0 0 0 0 0 0 0 0 0 0 0 0 0 0 0 0 0 0 0 0 0 0 0 0 0 0 0 0 0 0 0 0 0 0 0 0 0 0 0 0 0 0 0 0 0 0 0 0 0 0 0 0 0 0 0 0 0 0 0 0 0 0 0 0 0 0 0 0 0 0 0 0 0 0 0 0 0 0 0 0 0 0 0 0 0 0 0 0 0 
> 1484414197746158:1:rx 0 0 0 0 0 0 0 0 0 0 0 0 0 0 0 0 0 0 0 0 0 0 0 0 0 0 0 0 0 0 0 0 0 0 0 0 0 0 0 0 0 0 0 0 0 0 0 0 0 0 0 0 0 0 0 0 0 0 0 0 0 0 0 0 0 0 0 0 0 0 0 0 0 0 0 0 0 0 0 0 0 0 0 0 0 0 0 0 0 0 0 0 0 0 0 0 0 0 0 0 0 0 0 0 0 0 0 0 0 0 0 0 0 0 0 0 0 0 0 0 0 0 0 0 0 0 0 0 
> 1484414212102350:1:rx 2: 1
> 1484414213227226:1:rx 3: 1
> 1484414227601675:1:rx 2: 2
> 1484414228600526:1:rx 4: 1
> 1484414237475779:1:rx 3: 2
> 1484414241225885:1:rx 2: 3
> 1484414242723362:1:rx 5: 1
> 1484414243224524:1:rx 4: 2
> 1484414249600170:1:rx 3: 3
> 1484414251973986:1:rx 4: 3
> 1484414254472991:1:rx 5: 2
> 1484414257610418:1:
> 1484414257610431:1:LINK STATS to 2: 0 0 3
> 1484414257610453:1:
> 1484414257610455:1:LINK STATS to 3: 0 0 3
> 1484414257610467:1:
> 1484414257610468:1:LINK STATS to 4: 0 0 3
> 1484414257610477:1:
> 1484414257610478:1:LINK STATS to 5: 0 0 2
> 1484414257707047:1: 23066 P 0.18 2 435084 144418 0 345082 11028998 142540 47856 0 118908 3670308
> 1484414257707108:1:tx 0 0 0 0 0 0 0 0 0 0 0 0 0 0 0 0 0 0 0 0 0 0 0 0 0 0 0 0 0 0 0 0 0 0 0 0 0 0 0 0 0 0 0 0 0 0 0 0 0 0 0 0 0 0 0 0 0 0 0 0 0 0 0 0 0 0 0 0 0 0 0 0 0 0 0 0 0 0 0 0 0 0 0 0 0 0 0 0 0 0 0 0 0 0 0 0 0 0 0 0 0 0 0 0 0 0 0 0 0 0 0 0 0 0 0 0 0 0 0 0 0 0 0 0 0 0 0 0 
> 1484414257716129:1:rx 0 0 0 0 0 0 0 0 0 0 0 0 0 0 0 0 0 0 0 0 0 0 0 0 0 0 0 0 0 0 0 0 0 0 0 0 0 0 0 0 0 0 0 0 0 0 0 0 0 0 0 0 0 0 0 0 0 0 0 0 0 0 0 0 0 0 0 0 0 0 0 0 0 0 0 0 0 0 0 0 0 0 0 0 0 0 0 0 0 0 0 0 0 0 0 0 0 0 0 0 0 0 0 0 0 0 0 0 0 0 0 0 0 0 0 0 0 0 0 0 0 0 0 0 0 0 0 0 
> 1484414257759957:1:--- Network status ---
> 1484414257759979:1:-- Server IPv6 addresses:
> 1484414257759993:1:-- fd00::212:4b00:0:fe01
> 1484414257760004:1:-- fe80::212:4b00:0:fe01
> 1484414257760017:1:-- Default route:
> 1484414257760025:1:-- None
> 1484414257760032:1:-- Routing entries (0 in total):
> 1484414257760046:1:----------------------
> 1484414260847587:1:rx 5: 3
> 1484414264474619:1:rx 2: 4
> 1484414264599515:1:rx 3: 4
> 1484414270847819:1:rx 4: 4
> 1484414272599318:1:rx 2: 5
> 1484414276098887:1:rx 3: 5
> 1484414284597104:1:rx 4: 5
> 1484414289348294:1:rx 2: 6
> 1484414289596107:1:rx 5: 4
> 1484414297096363:1:rx 4: 6
> 1484414300970619:1:rx 5: 5
> 1484414302222448:1:rx 3: 6
> 1484414310222145:1:rx 2: 7
> 1484414310347008:1:rx 3: 7
> 1484414311470447:1:rx 4: 7
> 1484414317607122:1:
> 1484414317607160:1:LINK STATS to 2: 0 0 4
> 1484414317607167:1:
> 1484414317607168:1:LINK STATS to 3: 0 0 4
> 1484414317607179:1:
> 1484414317607181:1:LINK STATS to 4: 0 0 4
> 1484414317607187:1:
> 1484414317607188:1:LINK STATS to 5: 0 0 3
> 1484414317702942:1: 30746 P 0.18 3 579950 193950 0 463636 14697738 144866 49532 0 118554 3668740
> 1484414317703002:1:tx 0 0 0 0 0 0 0 0 0 0 0 0 0 0 0 0 0 0 0 0 0 0 0 0 0 0 0 0 0 0 0 0 0 0 0 0 0 0 0 0 0 0 0 0 0 0 0 0 0 0 0 0 0 0 0 0 0 0 0 0 0 0 0 0 0 0 0 0 0 0 0 0 0 0 0 0 0 0 0 0 0 0 0 0 0 0 0 0 0 0 0 0 0 0 0 0 0 0 0 0 0 0 0 0 0 0 0 0 0 0 0 0 0 0 0 0 0 0 0 0 0 0 0 0 0 0 0 0 
> 1484414317712853:1:rx 0 0 0 0 0 0 0 0 0 0 0 0 0 0 0 0 0 0 0 0 0 0 0 0 0 0 0 0 0 0 0 0 0 0 0 0 0 0 0 0 0 0 0 0 0 0 0 0 0 0 0 0 0 0 0 0 0 0 0 0 0 0 0 0 0 0 0 0 0 0 0 0 0 0 0 0 0 0 0 0 0 0 0 0 0 0 0 0 0 0 0 0 0 0 0 0 0 0 0 0 0 0 0 0 0 0 0 0 0 0 0 0 0 0 0 0 0 0 0 0 0 0 0 0 0 0 0 0 
> 1484414317756543:1:--- Network status ---
> 1484414317756586:1:-- Server IPv6 addresses:
> 1484414317756597:1:-- fd00::212:4b00:0:fe01
> 1484414317756605:1:-- fe80::212:4b00:0:fe01
> 1484414317756613:1:-- Default route:
> 1484414317756619:1:-- None
> 1484414317756623:1:-- Routing entries (0 in total):
> 1484414317756632:1:----------------------
> 1484414319219923:1:rx 5: 6
> 1484414323096465:1:rx 2: 8
> 1484414325719642:1:rx 5: 7
> 1484414329721207:1:rx 3: 8
> 1484414335843923:1:rx 4: 8
> 1484414338966778:1:rx 3: 9
> 1484414349470124:1:rx 2: 9
> 1484414353468275:1:rx 5: 8
> 1484414354092958:1:rx 4: 9
> 1484414359343251:1:rx 5: 9
> 1484414360590540:1:rx 3: 10
> 1484414363969319:1:rx 2: 10
> 1484414367340235:1:rx 2: 11
> 1484414369467279:1:rx 4: 10
> 1484414375590064:1:rx 3: 11
> 1484414377091683:1:rx 4: 11
> 1484414377603767:1:
> 1484414377603793:1:LINK STATS to 2: 0 0 4
> 1484414377603801:1:
> 1484414377603803:1:LINK STATS to 3: 0 0 4
> 1484414377603815:1:
> 1484414377603816:1:LINK STATS to 4: 0 0 4
> 1484414377603825:1:
> 1484414377603826:1:LINK STATS to 5: 0 0 4
> 1484414377699862:1: 38426 P 0.18 4 724494 243498 0 582232 18366758 144544 49548 0 118596 3669020
> 1484414377699899:1:tx 0 0 0 0 0 0 0 0 0 0 0 0 0 0 0 0 0 0 0 0 0 0 0 0 0 0 0 0 0 0 0 0 0 0 0 0 0 0 0 0 0 0 0 0 0 0 0 0 0 0 0 0 0 0 0 0 0 0 0 0 0 0 0 0 0 0 0 0 0 0 0 0 0 0 0 0 0 0 0 0 0 0 0 0 0 0 0 0 0 0 0 0 0 0 0 0 0 0 0 0 0 0 0 0 0 0 0 0 0 0 0 0 0 0 0 0 0 0 0 0 0 0 0 0 0 0 0 0 
> 1484414377709590:1:rx 0 0 0 0 0 0 0 0 0 0 0 0 0 0 0 0 0 0 0 0 0 0 0 0 0 0 0 0 0 0 0 0 0 0 0 0 0 0 0 0 0 0 0 0 0 0 0 0 0 0 0 0 0 0 0 0 0 0 0 0 0 0 0 0 0 0 0 0 0 0 0 0 0 0 0 0 0 0 0 0 0 0 0 0 0 0 0 0 0 0 0 0 0 0 0 0 0 0 0 0 0 0 0 0 0 0 0 0 0 0 0 0 0 0 0 0 0 0 0 0 0 0 0 0 0 0 0 0 
> 1484414377753137:1:--- Network status ---
> 1484414377753156:1:-- Server IPv6 addresses:
> 1484414377753167:1:-- fd00::212:4b00:0:fe01
> 1484414377753176:1:-- fe80::212:4b00:0:fe01
> 1484414377753185:1:-- Default route:
> 1484414377753191:1:-- None
> 1484414377753195:1:-- Routing entries (0 in total):
> 1484414377753204:1:----------------------
> 1484414382842028:1:rx 5: 10
> 1484414391588988:1:rx 2: 12
> 1484414395713912:1:rx 3: 12
> 1484414400338693:1:rx 3: 13
> 1484414401216171:1:rx 5: 11
> 1484414406214976:1:rx 4: 12
> 1484414409965551:1:rx 5: 12
> 1484414410087919:1:rx 2: 13
> 1484414412214880:1:rx 4: 13
> 1484414415712787:1:rx 2: 14
> 1484414419961227:1:rx 5: 13
> 1484414426463861:1:rx 4: 14
> 1484414430212202:1:rx 3: 14
> 1484414437089434:1:rx 5: 14
> 1484414437336893:1:rx 3: 15
> 1484414437600238:1:
> 1484414437600258:1:LINK STATS to 2: 0 0 3
> 1484414437600269:1:
> 1484414437600270:1:LINK STATS to 3: 0 0 4
> 1484414437600285:1:
> 1484414437600287:1:LINK STATS to 4: 0 0 3
> 1484414437600299:1:
> 1484414437600300:1:LINK STATS to 5: 0 0 5
> 1484414437696610:1: 46106 P 0.18 5 868426 292270 0 701324 22035894 143932 48772 0 119092 3669136
> 1484414437696657:1:tx 0 0 0 0 0 0 0 0 0 0 0 0 0 0 0 0 0 0 0 0 0 0 0 0 0 0 0 0 0 0 0 0 0 0 0 0 0 0 0 0 0 0 0 0 0 0 0 0 0 0 0 0 0 0 0 0 0 0 0 0 0 0 0 0 0 0 0 0 0 0 0 0 0 0 0 0 0 0 0 0 0 0 0 0 0 0 0 0 0 0 0 0 0 0 0 0 0 0 0 0 0 0 0 0 0 0 0 0 0 0 0 0 0 0 0 0 0 0 0 0 0 0 0 0 0 0 0 0 
> 1484414437705998:1:rx 0 0 0 0 0 0 0 0 0 0 0 0 0 0 0 0 0 0 0 0 0 0 0 0 0 0 0 0 0 0 0 0 0 0 0 0 0 0 0 0 0 0 0 0 0 0 0 0 0 0 0 0 0 0 0 0 0 0 0 0 0 0 0 0 0 0 0 0 0 0 0 0 0 0 0 0 0 0 0 0 0 0 0 0 0 0 0 0 0 0 0 0 0 0 0 0 0 0 0 0 0 0 0 0 0 0 0 0 0 0 0 0 0 0 0 0 0 0 0 0 0 0 0 0 0 0 0 0 
> 1484414437749643:1:--- Network status ---
> 1484414437749676:1:-- Server IPv6 addresses:
> 1484414437749691:1:-- fd00::212:4b00:0:fe01
> 1484414437749700:1:-- fe80::212:4b00:0:fe01
> 1484414437749713:1:-- Default route:
> 1484414437749721:1:-- None
> 1484414437749739:1:-- Routing entries (0 in total):
> 1484414437749753:1:----------------------
> 1484414445086285:1:rx 2: 15
> 1484414454087157:1:rx 4: 15
> 1484414457088571:1:rx 5: 15
> 1484414457710618:1:rx 2: 16
> 1484414457960822:1:rx 3: 16
> 1484414462960238:1:rx 2: 17
> 1484414466336578:1:rx 4: 16
> 1484414471962870:1:rx 5: 16
> 1484414486209103:1:rx 2: 18
> 1484414486460116:1:rx 4: 17
> 1484414489712131:1:rx 5: 17
> 1484414491833897:1:rx 3: 18
> 1484414497596792:1:
> 1484414497596806:1:LINK STATS to 2: 0 0 4
> 1484414497596813:1:
> 1484414497596814:1:LINK STATS to 3: 0 0 2
> 1484414497596824:1:
> 1484414497596825:1:LINK STATS to 4: 0 0 3
> 1484414497596831:1:
> 1484414497596832:1:LINK STATS to 5: 0 0 3
> 1484414497692619:1: 53786 P 0.18 6 1012006 340132 0 818318 25707480 143580 47862 0 116994 3671586
> 1484414497692676:1:tx 0 0 0 0 0 0 0 0 0 0 0 0 0 0 0 0 0 0 0 0 0 0 0 0 0 0 0 0 0 0 0 0 0 0 0 0 0 0 0 0 0 0 0 0 0 0 0 0 0 0 0 0 0 0 0 0 0 0 0 0 0 0 0 0 0 0 0 0 0 0 0 0 0 0 0 0 0 0 0 0 0 0 0 0 0 0 0 0 0 0 0 0 0 0 0 0 0 0 0 0 0 0 0 0 0 0 0 0 0 0 0 0 0 0 0 0 0 0 0 0 0 0 0 0 0 0 0 0 
> 1484414497702591:1:rx 0 0 0 0 0 0 0 0 0 0 0 0 0 0 0 0 0 0 0 0 0 0 0 0 0 0 0 0 0 0 0 0 0 0 0 0 0 0 0 0 0 0 0 0 0 0 0 0 0 0 0 0 0 0 0 0 0 0 0 0 0 0 0 0 0 0 0 0 0 0 0 0 0 0 0 0 0 0 0 0 0 0 0 0 0 0 0 0 0 0 0 0 0 0 0 0 0 0 0 0 0 0 0 0 0 0 0 0 0 0 0 0 0 0 0 0 0 0 0 0 0 0 0 0 0 0 0 0 
> 1484414497746141:1:--- Network status ---
> 1484414497746164:1:-- Server IPv6 addresses:
> 1484414497746179:1:-- fd00::212:4b00:0:fe01
> 1484414497746190:1:-- fe80::212:4b00:0:fe01
> 1484414497746204:1:-- Default route:
> 1484414497746212:1:-- None
> 1484414497746219:1:-- Routing entries (0 in total):
> 1484414497746233:1:----------------------
> 1484414497833663:1:rx 3: 19
> 1484414498958356:1:rx 2: 19
> 1484414501834537:1:rx 4: 18
> 1484414506082511:1:rx 5: 18
> 1484414506959204:1:rx 4: 19
> 1484414512082720:1:rx 2: 20
> 1484414520832475:1:rx 3: 20
> 1484414523956477:1:rx 5: 19
> 1484414525958226:1:rx 4: 20
> 1484414527206849:1:rx 2: 21
> 1484414537205944:1:rx 5: 20
> 1484414541832130:1:rx 4: 21
> 1484414542206474:1:rx 3: 21
> 1484414544206154:1:rx 3: 22
> 1484414545830762:1:rx 2: 22
> 1484414557593408:1:
> 1484414557593429:1:LINK STATS to 2: 0 0 4
> 1484414557593447:1:
> 1484414557593449:1:LINK STATS to 3: 0 0 4
> 1484414557593471:1:
> 1484414557593473:1:LINK STATS to 4: 0 0 4
> 1484414557593497:1:
> 1484414557593499:1:LINK STATS to 5: 0 0 3
> 1484414557689232:1: 61466 P 0.18 7 1155756 388714 0 936516 29377692 143750 48582 0 118198 3670212
> 1484414557689269:1:tx 0 0 0 0 0 0 0 0 0 0 0 0 0 0 0 0 0 0 0 0 0 0 0 0 0 0 0 0 0 0 0 0 0 0 0 0 0 0 0 0 0 0 0 0 0 0 0 0 0 0 0 0 0 0 0 0 0 0 0 0 0 0 0 0 0 0 0 0 0 0 0 0 0 0 0 0 0 0 0 0 0 0 0 0 0 0 0 0 0 0 0 0 0 0 0 0 0 0 0 0 0 0 0 0 0 0 0 0 0 0 0 0 0 0 0 0 0 0 0 0 0 0 0 0 0 0 0 0 
> 1484414557699128:1:rx 0 0 0 0 0 0 0 0 0 0 0 0 0 0 0 0 0 0 0 0 0 0 0 0 0 0 0 0 0 0 0 0 0 0 0 0 0 0 0 0 0 0 0 0 0 0 0 0 0 0 0 0 0 0 0 0 0 0 0 0 0 0 0 0 0 0 0 0 0 0 0 0 0 0 0 0 0 0 0 0 0 0 0 0 0 0 0 0 0 0 0 0 0 0 0 0 0 0 0 0 0 0 0 0 0 0 0 0 0 0 0 0 0 0 0 0 0 0 0 0 0 0 0 0 0 0 0 0 
> 1484414557742762:1:--- Network status ---
> 1484414557742783:1:-- Server IPv6 addresses:
> 1484414557742802:1:-- fd00::212:4b00:0:fe01
> 1484414557742812:1:-- fe80::212:4b00:0:fe01
> 1484414557742825:1:-- Default route:
> 1484414557742833:1:-- None
> 1484414557742840:1:-- Routing entries (0 in total):
> 1484414557742853:1:----------------------
> 1484414562329762:1:rx 5: 21
> 1484414564080803:1:rx 4: 22
> 1484414564329723:1:rx 2: 23
> 1484414565079619:1:rx 5: 22
> 1484414569829659:1:rx 3: 23
> 1484414578703931:1:rx 2: 24
> 1484414580205004:1:rx 4: 23
> 1484414581579102:1:rx 3: 24
> 1484414585204626:1:rx 4: 24
> 1484414591328254:1:rx 5: 23
> 1484414599827912:1:rx 5: 24
> 1484414600578198:1:rx 3: 25
> 1484414602077656:1:rx 2: 25
> 1484414608077775:1:rx 3: 26
> 1484414611952506:1:rx 5: 25
> 1484414613453083:1:rx 4: 25
> 1484414617589774:1:
> 1484414617589786:1:LINK STATS to 2: 0 0 3
> 1484414617589794:1:
> 1484414617589794:1:LINK STATS to 3: 0 0 4
> 1484414617589803:1:
> 1484414617589804:1:LINK STATS to 4: 0 0 4
> 1484414617589811:1:
> 1484414617589811:1:LINK STATS to 5: 0 0 5
> 1484414617686273:1: 69146 P 0.18 8 1299936 437790 0 1054556 33047632 144180 49076 0 118040 3669940
> 1484414617686308:1:tx 0 0 0 0 0 0 0 0 0 0 0 0 0 0 0 0 0 0 0 0 0 0 0 0 0 0 0 0 0 0 0 0 0 0 0 0 0 0 0 0 0 0 0 0 0 0 0 0 0 0 0 0 0 0 0 0 0 0 0 0 0 0 0 0 0 0 0 0 0 0 0 0 0 0 0 0 0 0 0 0 0 0 0 0 0 0 0 0 0 0 0 0 0 0 0 0 0 0 0 0 0 0 0 0 0 0 0 0 0 0 0 0 0 0 0 0 0 0 0 0 0 0 0 0 0 0 0 0 
> 1484414617695597:1:rx 0 0 0 0 0 0 0 0 0 0 0 0 0 0 0 0 0 0 0 0 0 0 0 0 0 0 0 0 0 0 0 0 0 0 0 0 0 0 0 0 0 0 0 0 0 0 0 0 0 0 0 0 0 0 0 0 0 0 0 0 0 0 0 0 0 0 0 0 0 0 0 0 0 0 0 0 0 0 0 0 0 0 0 0 0 0 0 0 0 0 0 0 0 0 0 0 0 0 0 0 0 0 0 0 0 0 0 0 0 0 0 0 0 0 0 0 0 0 0 0 0 0 0 0 0 0 0 0 
> 1484414617739215:1:--- Network status ---
> 1484414617739263:1:-- Server IPv6 addresses:
> 1484414617739281:1:-- fd00::212:4b00:0:fe01
> 1484414617739294:1:-- fe80::212:4b00:0:fe01
> 1484414617739309:1:-- Default route:
> 1484414617739319:1:-- None
> 1484414617739327:1:-- Routing entries (0 in total):
> 1484414617739343:1:----------------------
> 1484414617951786:1:rx 2: 26
> 1484414621952497:1:rx 4: 26
> 1484414625701361:1:rx 2: 27
> 1484414626951790:1:rx 3: 27
> 1484414636451238:1:rx 5: 26
> 1484414642075515:1:rx 2: 28
> 1484414643325909:1:rx 3: 28
> 1484414644951210:1:rx 4: 27
> 1484414650200555:1:rx 5: 27
> 1484414655825027:1:rx 2: 29
> 1484414661575165:1:rx 4: 28
> 1484414664324907:1:rx 4: 29
> 1484414668074549:1:rx 5: 28
> 1484414668449633:1:rx 3: 29
> 1484414674699288:1:rx 3: 30
> 1484414677586319:1:
> 1484414677586331:1:LINK STATS to 2: 0 0 4
> 1484414677586338:1:
> 1484414677586339:1:LINK STATS to 3: 0 0 4
> 1484414677586348:1:
> 1484414677586349:1:LINK STATS to 4: 0 0 4
> 1484414677586356:1:
> 1484414677586357:1:LINK STATS to 5: 0 0 3
> 1484414677682050:1: 76826 P 0.18 9 1443864 486830 0 1173316 36717104 143928 49040 0 118760 3669472
> 1484414677682102:1:tx 0 0 0 0 0 0 0 0 0 0 0 0 0 0 0 0 0 0 0 0 0 0 0 0 0 0 0 0 0 0 0 0 0 0 0 0 0 0 0 0 0 0 0 0 0 0 0 0 0 0 0 0 0 0 0 0 0 0 0 0 0 0 0 0 0 0 0 0 0 0 0 0 0 0 0 0 0 0 0 0 0 0 0 0 0 0 0 0 0 0 0 0 0 0 0 0 0 0 0 0 0 0 0 0 0 0 0 0 0 0 0 0 0 0 0 0 0 0 0 0 0 0 0 0 0 0 0 0 
> 1484414677692373:1:rx 0 0 0 0 0 0 0 0 0 0 0 0 0 0 0 0 0 0 0 0 0 0 0 0 0 0 0 0 0 0 0 0 0 0 0 0 0 0 0 0 0 0 0 0 0 0 0 0 0 0 0 0 0 0 0 0 0 0 0 0 0 0 0 0 0 0 0 0 0 0 0 0 0 0 0 0 0 0 0 0 0 0 0 0 0 0 0 0 0 0 0 0 0 0 0 0 0 0 0 0 0 0 0 0 0 0 0 0 0 0 0 0 0 0 0 0 0 0 0 0 0 0 0 0 0 0 0 0 
> 1484414677735859:1:--- Network status ---
> 1484414677735879:1:-- Server IPv6 addresses:
> 1484414677735890:1:-- fd00::212:4b00:0:fe01
> 1484414677735898:1:-- fe80::212:4b00:0:fe01
> 1484414677735908:1:-- Default route:
> 1484414677735913:1:-- None
> 1484414677735917:1:-- Routing entries (0 in total):
> 1484414677735927:1:----------------------
> 1484414683323450:1:rx 2: 30
> 1484414683698698:1:rx 4: 30
> 1484414685948745:1:rx 5: 29
> 1484414692448058:1:rx 2: 31
> 1484414692698416:1:rx 5: 30
> 1484414695573137:1:rx 4: 31
> 1484414701822904:1:rx 3: 31
> 1484414711822042:1:rx 2: 32
> 1484414715072410:1:rx 5: 31
> 1484414717071692:1:rx 4: 32
> 1484414718196967:1:rx 3: 32
> 1484414720446595:1:rx 2: 33
> 1484414723322070:1:rx 5: 32
> 1484414726821272:1:rx 4: 33
> 1484414731696160:1:rx 3: 33
> 1484414737583116:1:
> 1484414737583133:1:LINK STATS to 2: 0 0 4
> 1484414737583143:1:
> 1484414737583145:1:LINK STATS to 3: 0 0 3
> 1484414737583161:1:
> 1484414737583163:1:LINK STATS to 4: 0 0 4
> 1484414737583185:1:
> 1484414737583187:1:LINK STATS to 5: 0 0 4
> 1484414737679060:1: 84506 P 0.18 10 1588148 536058 0 1292928 40385368 144284 49228 0 119612 3668264
> 1484414737679136:1:tx 0 0 0 0 0 0 0 0 0 0 0 0 0 0 0 0 0 0 0 0 0 0 0 0 0 0 0 0 0 0 0 0 0 0 0 0 0 0 0 0 0 0 0 0 0 0 0 0 0 0 0 0 0 0 0 0 0 0 0 0 0 0 0 0 0 0 0 0 0 0 0 0 0 0 0 0 0 0 0 0 0 0 0 0 0 0 0 0 0 0 0 0 0 0 0 0 0 0 0 0 0 0 0 0 0 0 0 0 0 0 0 0 0 0 0 0 0 0 0 0 0 0 0 0 0 0 0 0 
> 1484414737689019:1:rx 0 0 0 0 0 0 0 0 0 0 0 0 0 0 0 0 0 0 0 0 0 0 0 0 0 0 0 0 0 0 0 0 0 0 0 0 0 0 0 0 0 0 0 0 0 0 0 0 0 0 0 0 0 0 0 0 0 0 0 0 0 0 0 0 0 0 0 0 0 0 0 0 0 0 0 0 0 0 0 0 0 0 0 0 0 0 0 0 0 0 0 0 0 0 0 0 0 0 0 0 0 0 0 0 0 0 0 0 0 0 0 0 0 0 0 0 0 0 0 0 0 0 0 0 0 0 0 0 
> 1484414737732363:1:--- Network status ---
> 1484414737732411:1:-- Server IPv6 addresses:
> 1484414737732430:1:-- fd00::212:4b00:0:fe01
> 1484414737732443:1:-- fe80::212:4b00:0:fe01
> 1484414737732459:1:-- Default route:
> 1484414737732468:1:-- None
> 1484414737732476:1:-- Routing entries (0 in total):
> 1484414737732492:1:----------------------
> 1484414738070559:1:rx 2: 34
> 1484414741070828:1:rx 3: 34
> 1484414741696319:1:rx 5: 33
> 1484414753945260:1:rx 3: 35
> 1484414754194564:1:rx 4: 34
> 1484414755319569:1:rx 2: 35
> 1484414764695034:1:rx 5: 34
> 1484414767443848:1:rx 4: 35
> 1484414769069338:1:rx 3: 36
> 1484414772569920:1:rx 5: 35
> 1484414779068290:1:rx 2: 36
> 1484414785067875:1:rx 4: 36
> 1484414796442855:1:rx 3: 37
> 1484414797442118:1:rx 2: 37
> 1484414797579709:1:
> 1484414797579734:1:LINK STATS to 2: 0 0 4
> 1484414797579758:1:
> 1484414797579760:1:LINK STATS to 3: 0 0 4
> 1484414797579777:1:
> 1484414797579779:1:LINK STATS to 4: 0 0 3
> 1484414797579790:1:
> 1484414797579792:1:LINK STATS to 5: 0 0 3
> 1484414797675918:1: 92186 P 0.18 11 1732058 585114 0 1412382 44054164 143910 49056 0 119454 3668796
> 1484414797676022:1:tx 0 0 0 0 0 0 0 0 0 0 0 0 0 0 0 0 0 0 0 0 0 0 0 0 0 0 0 0 0 0 0 0 0 0 0 0 0 0 0 0 0 0 0 0 0 0 0 0 0 0 0 0 0 0 0 0 0 0 0 0 0 0 0 0 0 0 0 0 0 0 0 0 0 0 0 0 0 0 0 0 0 0 0 0 0 0 0 0 0 0 0 0 0 0 0 0 0 0 0 0 0 0 0 0 0 0 0 0 0 0 0 0 0 0 0 0 0 0 0 0 0 0 0 0 0 0 0 0 
> 1484414797685549:1:rx 0 0 0 0 0 0 0 0 0 0 0 0 0 0 0 0 0 0 0 0 0 0 0 0 0 0 0 0 0 0 0 0 0 0 0 0 0 0 0 0 0 0 0 0 0 0 0 0 0 0 0 0 0 0 0 0 0 0 0 0 0 0 0 0 0 0 0 0 0 0 0 0 0 0 0 0 0 0 0 0 0 0 0 0 0 0 0 0 0 0 0 0 0 0 0 0 0 0 0 0 0 0 0 0 0 0 0 0 0 0 0 0 0 0 0 0 0 0 0 0 0 0 0 0 0 0 0 0 
> 1484414797729067:1:--- Network status ---
> 1484414797729098:1:-- Server IPv6 addresses:
> 1484414797729111:1:-- fd00::212:4b00:0:fe01
> 1484414797729118:1:-- fe80::212:4b00:0:fe01
> 1484414797729127:1:-- Default route:
> 1484414797729132:1:-- None
> 1484414797729136:1:-- Routing entries (0 in total):
> 1484414797729145:1:----------------------
> 1484414800442115:1:rx 2: 38
> 1484414801443119:1:rx 5: 36
> 1484414802567548:1:rx 3: 38
> 1484414805441415:1:rx 4: 37
> 1484414811941201:1:rx 4: 38
> 1484414814942435:1:rx 5: 37
> 1484414817816267:1:rx 2: 39
> 1484414820313310:1:rx 5: 38
> 1484414827691219:1:rx 3: 39
> 1484414831689995:1:rx 4: 39
> 1484414833815300:1:rx 2: 40
> 1484414836187729:1:rx 5: 39
> 1484414840814290:1:rx 4: 40
> 1484414841565358:1:rx 3: 40
> 1484414852564356:1:rx 2: 41
> 1484414856190493:1:rx 5: 40
> 1484414856564545:1:rx 3: 41
> 1484414857576392:1:
> 1484414857576408:1:LINK STATS to 2: 0 0 4
> 1484414857576417:1:
> 1484414857576419:1:LINK STATS to 3: 0 0 4
> 1484414857576431:1:
> 1484414857576432:1:LINK STATS to 4: 0 0 4
> 1484414857576441:1:
> 1484414857576442:1:LINK STATS to 5: 0 0 5
> 1484414857672836:1: 99866 P 0.18 12 1876638 634940 0 1532640 47721486 144580 49826 0 120258 3667322
> 1484414857672893:1:tx 0 0 0 0 0 0 0 0 0 0 0 0 0 0 0 0 0 0 0 0 0 0 0 0 0 0 0 0 0 0 0 0 0 0 0 0 0 0 0 0 0 0 0 0 0 0 0 0 0 0 0 0 0 0 0 0 0 0 0 0 0 0 0 0 0 0 0 0 0 0 0 0 0 0 0 0 0 0 0 0 0 0 0 0 0 0 0 0 0 0 0 0 0 0 0 0 0 0 0 0 0 0 0 0 0 0 0 0 0 0 0 0 0 0 0 0 0 0 0 0 0 0 0 0 0 0 0 0 
> 1484414857682128:1:rx 0 0 0 0 0 0 0 0 0 0 0 0 0 0 0 0 0 0 0 0 0 0 0 0 0 0 0 0 0 0 0 0 0 0 0 0 0 0 0 0 0 0 0 0 0 0 0 0 0 0 0 0 0 0 0 0 0 0 0 0 0 0 0 0 0 0 0 0 0 0 0 0 0 0 0 0 0 0 0 0 0 0 0 0 0 0 0 0 0 0 0 0 0 0 0 0 0 0 0 0 0 0 0 0 0 0 0 0 0 0 0 0 0 0 0 0 0 0 0 0 0 0 0 0 0 0 0 0 
> 1484414857725563:1:--- Network status ---
> 1484414857725588:1:-- Server IPv6 addresses:
> 1484414857725602:1:-- fd00::212:4b00:0:fe01
> 1484414857725613:1:-- fe80::212:4b00:0:fe01
> 1484414857725626:1:-- Default route:
> 1484414857725635:1:-- None
> 1484414857725642:1:-- Routing entries (0 in total):
> 1484414857725655:1:----------------------
> 1484414869812582:1:rx 4: 41
> 1484414870564809:1:rx 5: 41
> 1484414871688756:1:rx 3: 42
> 1484414873813200:1:rx 2: 42
> 1484414874687426:1:rx 4: 42
> 1484414884062751:1:rx 2: 43
> 1484414887936558:1:rx 4: 43
> 1484414891063793:1:rx 5: 42
> 1484414893312585:1:rx 3: 43
> 1484414900938424:1:rx 5: 43
> 1484414901936854:1:rx 2: 44
> 1484414902562320:1:rx 3: 44
> 1484414911185315:1:rx 4: 44
> 1484414915186085:1:rx 2: 45
> 1484414915311456:1:rx 3: 45
> 1484414917572650:1:
> 1484414917572667:1:LINK STATS to 2: 0 0 4
> 1484414917572679:1:
> 1484414917572681:1:LINK STATS to 3: 0 0 4
> 1484414917572697:1:
> 1484414917572698:1:LINK STATS to 4: 0 0 4
> 1484414917572710:1:
> 1484414917572711:1:LINK STATS to 5: 0 0 3
> 1484414917668552:1: 107546 P 0.18 13 2021082 684448 0 1651636 51390206 144444 49508 0 118996 3668720
> 1484414917668605:1:tx 0 0 0 0 0 0 0 0 0 0 0 0 0 0 0 0 0 0 0 0 0 0 0 0 0 0 0 0 0 0 0 0 0 0 0 0 0 0 0 0 0 0 0 0 0 0 0 0 0 0 0 0 0 0 0 0 0 0 0 0 0 0 0 0 0 0 0 0 0 0 0 0 0 0 0 0 0 0 0 0 0 0 0 0 0 0 0 0 0 0 0 0 0 0 0 0 0 0 0 0 0 0 0 0 0 0 0 0 0 0 0 0 0 0 0 0 0 0 0 0 0 0 0 0 0 0 0 0 
> 1484414917678554:1:rx 0 0 0 0 0 0 0 0 0 0 0 0 0 0 0 0 0 0 0 0 0 0 0 0 0 0 0 0 0 0 0 0 0 0 0 0 0 0 0 0 0 0 0 0 0 0 0 0 0 0 0 0 0 0 0 0 0 0 0 0 0 0 0 0 0 0 0 0 0 0 0 0 0 0 0 0 0 0 0 0 0 0 0 0 0 0 0 0 0 0 0 0 0 0 0 0 0 0 0 0 0 0 0 0 0 0 0 0 0 0 0 0 0 0 0 0 0 0 0 0 0 0 0 0 0 0 0 0 
> 1484414917722235:1:--- Network status ---
> 1484414917722267:1:-- Server IPv6 addresses:
> 1484414917722282:1:-- fd00::212:4b00:0:fe01
> 1484414917722292:1:-- fe80::212:4b00:0:fe01
> 1484414917722305:1:-- Default route:
> 1484414917722325:1:-- None
> 1484414917722344:1:-- Routing entries (0 in total):
> 1484414917722358:1:----------------------
> 1484414929309183:1:rx 4: 45
> 1484414930432942:1:rx 5: 44
> 1484414931310534:1:rx 3: 46
> 1484414936560034:1:rx 2: 46
> 1484414942307437:1:rx 5: 45
> 1484414944309539:1:rx 2: 47
> 1484414946933138:1:rx 4: 46
> 1484414949182290:1:rx 5: 46
> 1484414950059734:1:rx 3: 47
> 1484414951183004:1:rx 4: 47
> 1484414960058591:1:rx 2: 48
> 1484414965930028:1:rx 3: 48
> 1484414975430726:1:rx 5: 47
> 1484414976181588:1:rx 4: 48
> 1484414977569352:1:
> 1484414977569379:1:LINK STATS to 2: 0 0 3
> 1484414977569403:1:
> 1484414977569406:1:LINK STATS to 3: 0 0 3
> 1484414977569421:1:
> 1484414977569422:1:LINK STATS to 4: 0 0 4
> 1484414977569432:1:
> 1484414977569434:1:LINK STATS to 5: 0 0 4
> 1484414977665625:1: 115226 P 0.18 14 2164794 732880 0 1770976 55059314 143712 48432 0 119340 3669108
> 1484414977665674:1:tx 0 0 0 0 0 0 0 0 0 0 0 0 0 0 0 0 0 0 0 0 0 0 0 0 0 0 0 0 0 0 0 0 0 0 0 0 0 0 0 0 0 0 0 0 0 0 0 0 0 0 0 0 0 0 0 0 0 0 0 0 0 0 0 0 0 0 0 0 0 0 0 0 0 0 0 0 0 0 0 0 0 0 0 0 0 0 0 0 0 0 0 0 0 0 0 0 0 0 0 0 0 0 0 0 0 0 0 0 0 0 0 0 0 0 0 0 0 0 0 0 0 0 0 0 0 0 0 0 
> 1484414977701460:1:rx 0 0 0 0 0 0 0 0 0 0 0 0 0 0 0 0 0 0 0 0 0 0 0 0 0 0 0 0 0 0 0 0 0 0 0 0 0 0 0 0 0 0 0 0 0 0 0 0 0 0 0 0 0 0 0 0 0 0 0 0 0 0 0 0 0 0 0 0 0 0 0 0 0 0 0 0 0 0 0 0 0 0 0 0 0 0 0 0 0 0 0 0 0 0 0 0 0 0 0 0 0 0 0 0 0 0 0 0 0 0 0 0 0 0 0 0 0 0 0 0 0 0 0 0 0 0 0 0 
> 1484414977718594:1:--- Network status ---
> 1484414977718645:1:-- Server IPv6 addresses:
> 1484414977718662:1:-- fd00::212:4b00:0:fe01
> 1484414977718675:1:-- fe80::212:4b00:0:fe01
> 1484414977718690:1:-- Default route:
> 1484414977718700:1:-- None
> 1484414977718708:1:-- Routing entries (0 in total):
> 1484414977718724:1:----------------------
> 1484414979180642:1:rx 5: 48
> 1484414981932519:1:rx 2: 49
