connecting to /dev/ttyUSB0 (115200) [OK]
> 1484413143540416:1: 7705 P 0.18 0 44926 146086 5304 196388 3543582 44926 146086 5304 196388 3543582
> 1484413143569366:1:tx 0 0 0 0 0 0 0 0 0 0 0 0 0 0 0 0 0 0 0 0 0 0 0 0 0 0 0 0 0 0 0 0 0 0 0 52 0 0 0 0 0 0 0 0 0 0 0 0 0 0 0 0 0 0 0 0 0 0 0 0 0 0 0 0 0 0 0 0 0 0 0 0 0 0 0 0 0 0 0 0 0 0 0 0 0 0 0 0 0 0 0 0 0 0 0 0 0 0 0 0 0 0 0 0 0 0 0 0 0 0 0 0 0 0 0 0 0 0 0 0 0 0 0 0 0 0 0 0 
> 1484413143594544:1:rx 614 0 0 0 0 0 0 0 0 0 0 0 0 0 0 0 0 0 0 0 0 0 0 0 0 0 0 0 0 0 0 0 0 0 0 0 0 0 0 0 0 0 0 0 0 0 0 0 0 0 0 0 0 0 0 0 0 0 0 0 0 0 0 0 0 0 0 0 0 0 0 0 0 0 0 0 0 0 0 0 0 0 0 0 0 0 0 0 0 0 0 0 0 0 0 0 0 0 0 0 0 0 0 0 0 0 0 0 0 0 0 0 0 0 0 0 0 0 0 0 0 0 0 0 0 0 0 0 
> 1484413203534978:1: 15385 P 0.18 1 75198 283500 7038 388458 7091956 30272 137414 1734 192070 3548374
> 1484413203564575:1:tx 0 0 0 0 0 0 0 0 0 0 0 0 0 0 0 0 0 0 0 0 0 0 0 0 0 0 0 0 0 0 0 0 0 0 0 69 0 0 0 0 0 0 0 0 0 0 0 0 0 0 0 0 0 0 0 0 0 0 0 0 0 0 0 0 0 0 0 0 0 0 0 0 0 0 0 0 0 0 0 0 0 0 0 0 0 0 0 0 0 0 0 0 0 0 0 0 0 0 0 0 0 0 0 0 0 0 0 0 0 0 0 0 0 0 0 0 0 0 0 0 0 0 0 0 0 0 0 0 
> 1484413203589689:1:rx 1263 0 0 0 0 0 0 0 0 0 0 0 0 0 0 0 0 0 0 0 0 0 0 0 0 0 0 0 0 0 0 0 0 0 0 0 0 0 0 0 0 0 0 0 0 0 0 0 0 0 0 0 0 0 0 0 0 0 0 0 0 0 0 0 0 0 0 0 0 0 0 0 0 0 0 0 0 0 0 0 0 0 0 0 0 0 0 0 0 0 0 0 0 0 0 0 0 0 0 0 0 0 0 0 0 0 0 0 0 0 0 0 0 0 0 0 0 0 0 0 0 0 0 0 0 0 0 0 
> 1484413217417263:1:rx 2: 1
> 1484413225344503:1:rx 3: 1
> 1484413230118810:1:rx 4: 1
> 1484413234983425:1:rx 2: 2
> 1484413237595920:1:rx 5: 1
> 1484413245523082:1:rx 4: 2
> 1484413248766182:1:rx 3: 2
> 1484413251828874:1:rx 2: 3
> 1484413255522444:1:rx 5: 2
> 1484413259666209:1:rx 3: 3
> 1484413263440120:1:
> 1484413263440154:1:LINK STATS to 5: 0 0 5
> 1484413263442537:1:
> 1484413263442546:1:LINK STATS to 2: 0 0 6
> 1484413263450095:1:
> 1484413263450103:1:LINK STATS to 4: 0 0 5
> 1484413263450120:1:
> 1484413263450123:1:LINK STATS to 3: 0 0 6
> 1484413263532109:1: 23065 P 0.18 2 110830 424784 8650 599366 10617414 35632 141284 1612 210908 3525458
> 1484413263559246:1:tx 0 0 0 0 0 0 0 0 0 0 0 0 0 0 0 0 0 0 0 0 0 0 0 0 0 0 0 0 0 0 0 0 0 0 0 71 0 0 0 0 0 0 0 0 0 0 0 0 0 0 0 0 0 0 0 0 0 0 0 0 0 0 0 0 0 0 0 0 0 0 0 0 0 0 0 0 0 0 0 0 0 0 0 0 0 0 0 0 0 0 0 0 0 0 0 0 0 0 0 0 0 0 0 0 0 0 0 0 0 0 0 0 0 0 0 0 0 0 0 0 0 0 0 0 0 0 0 0 
> 1484413263584298:1:rx 1905 0 0 0 0 0 0 0 0 0 0 0 0 0 0 0 0 0 0 0 0 12 0 0 0 0 0 0 0 0 0 0 0 0 0 0 0 0 0 0 0 0 0 0 0 0 0 0 0 0 0 0 0 0 0 0 0 0 0 0 0 0 0 0 0 0 0 0 0 0 0 0 0 0 0 0 0 0 0 0 0 0 0 0 0 0 0 0 0 0 0 10 0 0 0 0 0 0 0 0 0 0 0 0 0 0 0 0 0 0 0 0 0 0 0 0 0 0 0 0 0 0 0 0 0 0 0 0 
> 1484413263607151:1:--- Network status ---
> 1484413263607167:1:-- Server IPv6 addresses:
> 1484413263607183:1:-- fd00::212:4b00:0:fe01
> 1484413263607199:1:-- fe80::212:4b00:0:fe01
> 1484413263607210:1:-- Default route:
> 1484413263607221:1:-- None
> 1484413263607225:1:-- Routing entries (0 in total):
> 1484413263607240:1:----------------------
> 1484413264620905:1:rx 2: 4
> 1484413264890857:1:rx 4: 3
> 1484413272187473:1:rx 3: 4
> 1484413274799932:1:rx 5: 3
> 1484413287501735:1:rx 4: 4
> 1484413288042287:1:rx 2: 5
> 1484413288942973:1:rx 5: 4
> 1484413294258092:1:rx 2: 6
> 1484413297320606:1:rx 3: 5
> 1484413297501016:1:rx 4: 5
> 1484413306419188:1:rx 4: 6
> 1484413310923308:1:rx 3: 6
> 1484413312094561:1:rx 5: 5
> 1484413319121012:1:rx 2: 7
> 1484413323435499:1:
> 1484413323435532:1:LINK STATS to 5: 0 0 6
> 1484413323437924:1:
> 1484413323437936:1:LINK STATS to 2: 0 0 7
> 1484413323445316:1:
> 1484413323445326:1:LINK STATS to 4: 0 0 7
> 1484413323445355:1:
> 1484413323445359:1:LINK STATS to 3: 0 0 8
> 1484413323527456:1: 30745 P 0.18 3 149884 566942 10544 789806 14160180 39054 142158 1894 190440 3542766
> 1484413323555340:1:tx 0 0 0 0 0 0 0 0 0 0 0 0 0 0 0 0 0 0 0 0 0 0 0 0 0 0 0 0 0 0 0 0 0 0 0 72 0 0 0 0 0 0 0 0 0 0 0 0 0 0 0 0 0 0 0 0 0 0 0 0 0 0 0 0 0 0 0 0 0 0 0 0 0 0 0 0 0 0 0 0 0 0 0 0 0 0 0 0 0 0 0 0 0 0 0 0 0 0 0 0 0 0 0 0 0 0 0 0 0 0 0 0 0 0 0 0 0 0 0 0 0 0 0 0 0 0 0 0 
> 1484413323579242:1:rx 2542 0 0 0 0 0 0 0 0 0 0 0 0 0 0 0 0 0 0 0 0 26 0 0 0 0 0 0 0 0 0 0 0 0 0 0 0 0 0 0 0 0 0 0 0 0 0 0 0 0 0 0 0 0 0 0 0 0 0 0 0 0 0 0 0 0 0 0 0 0 0 0 0 0 0 0 0 0 0 0 0 0 0 0 0 0 0 0 0 0 0 24 0 0 0 0 0 0 0 0 0 0 0 0 0 0 0 0 0 0 0 0 0 0 0 0 0 0 0 0 0 0 0 0 0 0 0 0 
> 1484413323602485:1:--- Network status ---
> 1484413323602515:1:-- Server IPv6 addresses:
> 1484413323602545:1:-- fd00::212:4b00:0:fe01
> 1484413323602600:1:-- fe80::212:4b00:0:fe01
> 1484413323602633:1:-- Default route:
> 1484413323602664:1:-- None
> 1484413323602678:1:-- Routing entries (0 in total):
> 1484413323602731:1:----------------------
> 1484413324886131:1:rx 4: 7
> 1484413328669653:1:rx 5: 6
> 1484413331101955:1:rx 3: 7
> 1484413332453405:1:rx 2: 8
> 1484413341911923:1:rx 2: 9
> 1484413347768316:1:rx 5: 7
> 1484413350469715:1:rx 3: 8
> 1484413351460623:1:rx 4: 8
> 1484413351550801:1:rx 3: 9
> 1484413353983047:1:rx 5: 8
> 1484413359568065:1:rx 4: 9
> 1484413364072272:1:rx 2: 10
> 1484413367315462:1:rx 5: 9
> 1484413375332831:1:rx 4: 10
> 1484413380827839:1:rx 2: 11
> 1484413381278331:1:rx 3: 10
> 1484413383170027:1:rx 5: 10
> 1484413383433108:1:
> 1484413383433150:1:LINK STATS to 5: 0 0 8
> 1484413383442706:1:
> 1484413383442724:1:LINK STATS to 2: 0 0 7
> 1484413383442783:1:
> 1484413383442790:1:LINK STATS to 4: 0 0 7
> 1484413383442858:1:
> 1484413383442867:1:LINK STATS to 3: 0 0 6
> 1484413383550342:1: 38425 P 0.18 4 189072 709824 12440 996214 17686874 39188 142882 1896 206408 3526694
> 1484413383550707:1:tx 0 0 0 0 0 0 0 0 0 0 0 0 0 0 0 0 0 0 0 0 0 0 0 0 0 0 0 0 0 0 0 0 0 0 0 73 0 0 0 0 0 0 0 0 0 0 0 0 0 0 0 0 0 0 0 0 0 0 0 0 0 0 0 0 0 0 0 0 0 0 0 0 0 0 0 0 0 0 0 0 0 0 0 0 0 0 0 0 0 0 0 0 0 0 0 0 0 0 0 0 0 0 0 0 0 0 0 0 0 0 0 0 0 0 0 0 0 0 0 0 0 0 0 0 0 0 0 0 
> 1484413383575589:1:rx 3179 0 0 0 0 0 0 0 0 0 0 0 0 0 0 0 0 0 0 0 0 37 0 0 0 0 0 0 0 0 0 0 0 0 0 0 0 0 0 0 0 0 0 0 0 0 0 0 0 0 0 0 0 0 0 0 0 0 0 0 0 0 0 0 0 0 0 0 0 0 0 0 0 0 0 0 0 0 0 0 0 0 0 0 0 0 0 0 0 0 0 41 0 0 0 0 0 0 0 0 0 0 0 0 0 0 0 0 0 0 0 0 0 0 0 0 0 0 0 0 0 0 0 0 0 0 0 0 
> 1484413383598576:1:--- Network status ---
> 1484413383598626:1:-- Server IPv6 addresses:
> 1484413383598665:1:-- fd00::212:4b00:0:fe01
> 1484413383598710:1:-- fe80::212:4b00:0:fe01
> 1484413383598762:1:-- Default route:
> 1484413383598789:1:-- None
> 1484413383598798:1:-- Routing entries (0 in total):
> 1484413383600015:1:----------------------
> 1484413391007085:1:rx 4: 11
> 1484413396141866:1:rx 3: 11
> 1484413397943659:1:rx 5: 11
> 1484413399565133:1:rx 3: 12
> 1484413400736220:1:rx 4: 12
> 1484413403438617:1:rx 2: 12
> 1484413412717204:1:rx 2: 13
> 1484413420013728:1:rx 4: 13
> 1484413421905702:1:rx 3: 13
> 1484413424698226:1:rx 2: 14
> 1484413425238654:1:rx 5: 12
> 1484413433616398:1:rx 4: 14
> 1484413436859287:1:rx 2: 15
> 1484413437579962:1:rx 5: 13
> 1484413442354317:1:rx 3: 14
> 1484413443428354:1:
> 1484413443428368:1:LINK STATS to 5: 0 0 6
> 1484413443437995:1:
> 1484413443438001:1:LINK STATS to 2: 0 0 7
> 1484413443438008:1:
> 1484413443438009:1:LINK STATS to 4: 0 0 7
> 1484413443438018:1:
> 1484413443438019:1:LINK STATS to 3: 0 0 7
> 1484413443545224:1: 46105 P 0.18 5 227622 852166 14270 1192338 21224392 38550 142342 1830 196124 3537518
> 1484413443545282:1:tx 0 0 0 0 0 0 0 0 0 0 0 0 0 0 0 0 0 0 0 0 0 0 0 0 0 0 0 0 0 0 0 0 0 0 0 74 0 0 0 0 0 0 0 0 0 0 0 0 0 0 0 0 0 0 0 0 0 0 0 0 0 0 0 0 0 0 0 0 0 0 0 0 0 0 0 0 0 0 0 0 0 0 0 0 0 0 0 0 0 0 0 0 0 0 0 0 0 0 0 0 0 0 0 0 0 0 0 0 0 0 0 0 0 0 0 0 0 0 0 0 0 0 0 0 0 0 0 0 
> 1484413443570228:1:rx 3817 0 0 0 0 0 0 0 0 0 0 0 0 0 0 0 0 0 0 0 0 49 0 0 0 0 0 0 0 0 0 0 0 0 0 0 0 0 0 0 0 0 0 0 0 0 0 0 0 0 0 0 0 0 0 0 0 0 0 0 0 0 0 0 0 0 0 0 0 0 0 0 0 0 0 0 0 0 0 0 0 0 0 0 0 0 0 0 0 0 0 56 0 0 0 0 0 0 0 0 0 0 0 0 0 0 0 0 0 0 0 0 0 0 0 0 0 0 0 0 0 0 0 0 0 0 0 0 
> 1484413443593263:1:--- Network status ---
> 1484413443593276:1:-- Server IPv6 addresses:
> 1484413443593284:1:-- fd00::212:4b00:0:fe01
> 1484413443593292:1:-- fe80::212:4b00:0:fe01
> 1484413443593300:1:-- Default route:
> 1484413443593311:1:-- None
> 1484413443593314:1:-- Routing entries (0 in total):
> 1484413443595096:1:----------------------
> 1484413454425371:1:rx 4: 15
> 1484413458479265:1:rx 5: 14
> 1484413460821305:1:rx 3: 15
> 1484413464965196:1:rx 2: 16
> 1484413471000644:1:rx 5: 15
> 1484413472352169:1:rx 3: 16
> 1484413472982467:1:rx 4: 16
> 1484413474874351:1:rx 2: 17
> 1484413484963518:1:rx 4: 17
> 1484413487846348:1:rx 5: 16
> 1484413488657016:1:rx 2: 18
> 1484413490188385:1:rx 3: 17
> 1484413496043715:1:rx 3: 18
> 1484413496404034:1:rx 5: 17
> 1484413503434401:1:
> 1484413503434428:1:LINK STATS to 5: 0 0 6
> 1484413503434437:1:
> 1484413503434439:1:LINK STATS to 2: 0 0 7
> 1484413503434451:1:
> 1484413503434452:1:LINK STATS to 4: 0 0 5
> 1484413503434461:1:
> 1484413503434462:1:LINK STATS to 3: 0 0 6
> 1484413503546259:1: 53785 P 0.18 6 265752 994000 15908 1381552 24769514 38130 141834 1638 189214 3545122
> 1484413503546298:1:tx 0 0 0 0 0 0 0 0 0 0 0 0 0 0 0 0 0 0 0 0 0 0 0 0 0 0 0 0 0 0 0 0 0 0 0 75 0 0 0 0 0 0 0 0 0 0 0 0 0 0 0 0 0 0 0 0 0 0 0 0 0 0 0 0 0 0 0 0 0 0 0 0 0 0 0 0 0 0 0 0 0 0 0 0 0 0 0 0 0 0 0 0 0 0 0 0 0 0 0 0 0 0 0 0 0 0 0 0 0 0 0 0 0 0 0 0 0 0 0 0 0 0 0 0 0 0 0 0 
> 1484413503570220:1:rx 4458 0 0 0 0 0 0 0 0 0 0 0 0 0 0 0 0 0 0 0 0 59 0 0 0 0 0 0 0 0 0 0 0 0 0 0 0 0 0 0 0 0 0 0 0 0 0 0 0 0 0 0 0 0 0 0 0 0 0 0 0 0 0 0 0 0 0 0 0 0 0 0 0 0 0 0 0 0 0 0 0 0 0 0 0 0 0 0 0 0 0 70 0 0 0 0 0 0 0 0 0 0 0 0 0 0 0 0 0 0 0 0 0 0 0 0 0 0 0 0 0 0 0 0 0 0 0 0 
> 1484413503594280:1:--- Network status ---
> 1484413503594293:1:-- Server IPv6 addresses:
> 1484413503594301:1:-- fd00::212:4b00:0:fe01
> 1484413503594309:1:-- fe80::212:4b00:0:fe01
> 1484413503594317:1:-- Default route:
> 1484413503594328:1:-- None
> 1484413503594333:1:-- Routing entries (0 in total):
> 1484413503595508:1:----------------------
> 1484413508565139:1:rx 4: 18
> 1484413514060364:1:rx 4: 19
> 1484413514961156:1:rx 5: 18
> 1484413515681920:1:rx 2: 19
> 1484413524419824:1:rx 5: 19
> 1484413526672164:1:rx 3: 19
> 1484413531446419:1:rx 2: 20
> 1484413532617323:1:rx 4: 20
> 1484413536671109:1:rx 3: 20
> 1484413538562883:1:rx 2: 21
> 1484413541355410:1:rx 5: 20
> 1484413546580304:1:rx 4: 21
> 1484413547390993:1:rx 3: 21
> 1484413552255425:1:rx 2: 22
> 1484413559732441:1:rx 3: 22
> 1484413563429694:1:
> 1484413563429720:1:LINK STATS to 5: 0 0 7
> 1484413563429730:1:
> 1484413563429731:1:LINK STATS to 2: 0 0 6
> 1484413563429743:1:
> 1484413563429745:1:LINK STATS to 4: 0 0 7
> 1484413563429753:1:
> 1484413563429755:1:LINK STATS to 3: 0 0 7
> 1484413563541118:1: 61465 P 0.18 7 304500 1136294 17740 1571802 28312742 38748 142294 1832 190250 3543228
> 1484413563541169:1:tx 0 0 0 0 0 0 0 0 0 0 0 0 0 0 0 0 0 0 0 0 0 0 0 0 0 0 0 0 0 0 0 0 0 0 0 76 0 0 0 0 0 0 0 0 0 0 0 0 0 0 0 0 0 0 0 0 0 0 0 0 0 0 0 0 0 0 0 0 0 0 0 0 0 0 0 0 0 0 0 0 0 0 0 0 0 0 0 0 0 0 0 0 0 0 0 0 0 0 0 0 0 0 0 0 0 0 0 0 0 0 0 0 0 0 0 0 0 0 0 0 0 0 0 0 0 0 0 0 
> 1484413563565277:1:rx 5096 0 0 0 0 0 0 0 0 0 0 0 0 0 0 0 0 0 0 0 0 71 0 0 0 0 0 0 0 0 0 0 0 0 0 0 0 0 0 0 0 0 0 0 0 0 0 0 0 0 0 0 0 0 0 0 0 0 0 0 0 0 0 0 0 0 0 0 0 0 0 0 0 0 0 0 0 0 0 0 0 0 0 0 0 0 0 0 0 0 0 85 0 0 0 0 0 0 0 0 0 0 0 0 0 0 0 0 0 0 0 0 0 0 0 0 0 0 0 0 0 0 0 0 0 0 0 0 
> 1484413563589025:1:--- Network status ---
> 1484413563589042:1:-- Server IPv6 addresses:
> 1484413563589053:1:-- fd00::212:4b00:0:fe01
> 1484413563589066:1:-- fe80::212:4b00:0:fe01
> 1484413563589079:1:-- Default route:
> 1484413563589087:1:-- None
> 1484413563589091:1:-- Routing entries (0 in total):
> 1484413563590609:1:----------------------
> 1484413564326618:1:rx 4: 22
> 1484413566398620:1:rx 2: 23
> 1484413567839710:1:rx 5: 21
> 1484413582613431:1:rx 5: 22
> 1484413586937408:1:rx 4: 23
> 1484413590450589:1:rx 3: 23
> 1484413591171239:1:rx 2: 24
> 1484413593243136:1:rx 3: 24
> 1484413596125759:1:rx 4: 24
> 1484413602431550:1:rx 5: 23
> 1484413602972232:1:rx 2: 25
> 1484413612701137:1:rx 3: 25
> 1484413614863135:1:rx 4: 25
> 1484413615043230:1:rx 5: 24
> 1484413620087868:1:rx 2: 26
> 1484413623424964:1:
> 1484413623424977:1:LINK STATS to 5: 0 0 7
> 1484413623424986:1:
> 1484413623424988:1:LINK STATS to 2: 0 0 8
> 1484413623425001:1:
> 1484413623425002:1:LINK STATS to 4: 0 0 6
> 1484413623425012:1:
> 1484413623425014:1:LINK STATS to 3: 0 0 5
> 1484413623536055:1: 69145 P 0.18 8 343242 1278596 19506 1769636 31848328 38742 142302 1766 197834 3535586
> 1484413623536115:1:tx 0 0 0 0 0 0 0 0 0 0 0 0 0 0 0 0 0 0 0 0 0 0 0 0 0 0 0 0 0 0 0 0 0 0 0 77 0 0 0 0 0 0 0 0 0 0 0 0 0 0 0 0 0 0 0 0 0 0 0 0 0 0 0 0 0 0 0 0 0 0 0 0 0 0 0 0 0 0 0 0 0 0 0 0 0 0 0 0 0 0 0 0 0 0 0 0 0 0 0 0 0 0 0 0 0 0 0 0 0 0 0 0 0 0 0 0 0 0 0 0 0 0 0 0 0 0 0 0 
> 1484413623560992:1:rx 5735 0 0 0 0 0 0 0 0 0 0 0 0 0 0 0 0 0 0 0 0 82 0 0 0 0 0 0 0 0 0 0 0 0 0 0 0 0 0 0 0 0 0 0 0 0 0 0 0 0 0 0 0 0 0 0 0 0 0 0 0 0 0 0 0 0 0 0 0 0 0 0 0 0 0 0 0 0 0 0 0 0 0 0 0 0 0 0 0 0 0 100 0 0 0 0 0 0 0 0 0 0 0 0 0 0 0 0 0 0 0 0 0 0 0 0 0 0 0 0 0 0 0 0 0 0 0 0 
> 1484413623584100:1:--- Network status ---
> 1484413623584120:1:-- Server IPv6 addresses:
> 1484413623584134:1:-- fd00::212:4b00:0:fe01
> 1484413623584151:1:-- fe80::212:4b00:0:fe01
> 1484413623584167:1:-- Default route:
> 1484413623584177:1:-- None
> 1484413623584182:1:-- Routing entries (0 in total):
> 1484413623585845:1:----------------------
> 1484413635492026:1:rx 4: 26
> 1484413635852379:1:rx 5: 25
> 1484413635942456:1:rx 2: 27
> 1484413636663011:1:rx 3: 26
> 1484413647653259:1:rx 3: 27
> 1484413648734318:1:rx 5: 26
> 1484413648914415:1:rx 4: 27
> 1484413649455038:1:rx 2: 28
> 1484413661976462:1:rx 2: 29
> 1484413664228386:1:rx 4: 28
> 1484413665399504:1:rx 3: 28
> 1484413668102160:1:rx 5: 27
> 1484413678101245:1:rx 3: 29
> 1484413679092195:1:rx 4: 29
> 1484413681164133:1:rx 5: 28
> 1484413683425045:1:
> 1484413683425057:1:LINK STATS to 5: 0 0 6
> 1484413683425066:1:
> 1484413683425067:1:LINK STATS to 2: 0 0 6
> 1484413683425076:1:
> 1484413683425077:1:LINK STATS to 4: 0 0 7
> 1484413683425083:1:
> 1484413683425084:1:LINK STATS to 3: 0 0 7
> 1484413683530969:1: 76825 P 0.18 9 382072 1420816 21374 1976088 35375306 38830 142220 1868 206452 3526978
> 1484413683531027:1:tx 0 0 0 0 0 0 0 0 0 0 0 0 0 0 0 0 0 0 0 0 0 0 0 0 0 0 0 0 0 0 0 0 0 0 0 79 0 0 0 0 0 0 0 0 0 0 0 0 0 0 0 0 0 0 0 0 0 0 0 0 0 0 0 0 0 0 0 0 0 0 0 0 0 0 0 0 0 0 0 0 0 0 0 0 0 0 0 0 0 0 0 0 0 0 0 0 0 0 0 0 0 0 0 0 0 0 0 0 0 0 0 0 0 0 0 0 0 0 0 0 0 0 0 0 0 0 0 0 
> 1484413683556151:1:rx 6373 0 0 0 0 0 0 0 0 0 0 0 0 0 0 0 0 0 0 0 0 93 0 0 0 0 0 0 0 0 0 0 0 0 0 0 0 0 0 0 0 0 0 0 0 0 0 0 0 0 0 0 0 0 0 0 0 0 0 0 0 0 0 0 0 0 0 0 0 0 0 0 0 0 0 0 0 0 0 0 0 0 0 0 0 0 0 0 0 0 0 115 0 0 0 0 0 0 0 0 0 0 0 0 0 0 0 0 0 0 0 0 0 0 0 0 0 0 0 0 0 0 0 0 0 0 0 0 
> 1484413683579038:1:--- Network status ---
> 1484413683579057:1:-- Server IPv6 addresses:
> 1484413683579070:1:-- fd00::212:4b00:0:fe01
> 1484413683579085:1:-- fe80::212:4b00:0:fe01
> 1484413683579100:1:-- Default route:
> 1484413683579110:1:-- None
> 1484413683579113:1:-- Routing entries (0 in total):
> 1484413683581205:1:----------------------
> 1484413691163169:1:rx 2: 30
> 1484413693505441:1:rx 5: 29
> 1484413695487235:1:rx 3: 30
> 1484413696478147:1:rx 2: 31
> 1484413697739189:1:rx 4: 30
> 1484413710530984:1:rx 2: 32
> 1484413711341967:1:rx 4: 31
> 1484413713864211:1:rx 3: 31
> 1484413714404725:1:rx 5: 30
> 1484413720530180:1:rx 4: 32
> 1484413724133643:1:rx 5: 31
> 1484413731790615:1:rx 3: 32
> 1484413736384860:1:rx 5: 32
> 1484413738456748:1:rx 2: 33
> 1484413742060038:1:rx 3: 33
> 1484413743420182:1:
> 1484413743420194:1:LINK STATS to 5: 0 0 6
> 1484413743420204:1:
> 1484413743420206:1:LINK STATS to 2: 0 0 7
> 1484413743420218:1:
> 1484413743420221:1:LINK STATS to 4: 0 0 6
> 1484413743420230:1:
> 1484413743420232:1:LINK STATS to 3: 0 0 7
> 1484413743534053:1: 84505 P 0.18 10 420554 1563174 23140 2191460 38894128 38482 142358 1766 215372 3518822
> 1484413743534145:1:tx 0 0 0 0 0 0 0 0 0 0 0 0 0 0 0 0 0 0 0 0 0 0 0 0 0 0 0 0 0 0 0 0 0 0 0 80 0 0 0 0 0 0 0 0 0 0 0 0 0 0 0 0 0 0 0 0 0 0 0 0 0 0 0 0 0 0 0 0 0 0 0 0 0 0 0 0 0 0 0 0 0 0 0 0 0 0 0 0 0 0 0 0 0 0 0 0 0 0 0 0 0 0 0 0 0 0 0 0 0 0 0 0 0 0 0 0 0 0 0 0 0 0 0 0 0 0 0 0 
> 1484413743559034:1:rx 7012 0 0 0 0 0 0 0 0 0 0 0 0 0 0 0 0 0 0 0 0 104 0 0 0 0 0 0 0 0 0 0 0 0 0 0 0 0 0 0 0 0 0 0 0 0 0 0 0 0 0 0 0 0 0 0 0 0 0 0 0 0 0 0 0 0 0 0 0 0 0 0 0 0 0 0 0 0 0 0 0 0 0 0 0 0 0 0 0 0 0 130 0 0 0 0 0 0 0 0 0 0 0 0 0 0 0 0 0 0 0 0 0 0 0 0 0 0 0 0 0 0 0 0 0 0 0 0 
> 1484413743582080:1:--- Network status ---
> 1484413743582101:1:-- Server IPv6 addresses:
> 1484413743582114:1:-- fd00::212:4b00:0:fe01
> 1484413743582130:1:-- fe80::212:4b00:0:fe01
> 1484413743582146:1:-- Default route:
> 1484413743582155:1:-- None
> 1484413743582160:1:-- Routing entries (0 in total):
> 1484413743584932:1:----------------------
> 1484413750077353:1:rx 2: 34
> 1484413751608878:1:rx 4: 33
> 1484413754491488:1:rx 3: 34
> 1484413755932873:1:rx 4: 34
> 1484413756473451:1:rx 2: 35
> 1484413761247744:1:rx 5: 33
> 1484413768724519:1:rx 5: 34
> 1484413771156926:1:rx 4: 35
> 1484413774760180:1:rx 3: 35
> 1484413777913103:1:rx 2: 36
> 1484413780525450:1:rx 5: 35
> 1484413792236063:1:rx 2: 37
> 1484413793587407:1:rx 3: 36
> 1484413796199647:1:rx 4: 36
> 1484413799352740:1:rx 3: 37
> 1484413803415368:1:
> 1484413803415392:1:LINK STATS to 5: 0 0 7
> 1484413803415412:1:
> 1484413803415413:1:LINK STATS to 2: 0 0 6
> 1484413803415424:1:
> 1484413803415425:1:LINK STATS to 4: 0 0 7
> 1484413803415431:1:
> 1484413803415432:1:LINK STATS to 3: 0 0 6
> 1484413803529790:1: 92185 P 0.18 11 458982 1705496 24906 2393294 42426000 38428 142322 1766 201834 3531872
> 1484413803529844:1:tx 0 0 0 0 0 0 0 0 0 0 0 0 0 0 0 0 0 0 0 0 0 0 0 0 0 0 0 0 0 0 0 0 0 0 0 81 0 0 0 0 0 0 0 0 0 0 0 0 0 0 0 0 0 0 0 0 0 0 0 0 0 0 0 0 0 0 0 0 0 0 0 0 0 0 0 0 0 0 0 0 0 0 0 0 0 0 0 0 0 0 0 0 0 0 0 0 0 0 0 0 0 0 0 0 0 0 0 0 0 0 0 0 0 0 0 0 0 0 0 0 0 0 0 0 0 0 0 0 
> 1484413803553941:1:rx 7651 0 0 0 0 0 0 0 0 0 0 0 0 0 0 0 0 0 0 0 0 115 0 0 0 0 0 0 0 0 0 0 0 0 0 0 0 0 0 0 0 0 0 0 0 0 0 0 0 0 0 0 0 0 0 0 0 0 0 0 0 0 0 0 0 0 0 0 0 0 0 0 0 0 0 0 0 0 0 0 0 0 0 0 0 0 0 0 0 0 0 145 0 0 0 0 0 0 0 0 0 0 0 0 0 0 0 0 0 0 0 0 0 0 0 0 0 0 0 0 0 0 0 0 0 0 0 0 
> 1484413803577737:1:--- Network status ---
> 1484413803577751:1:-- Server IPv6 addresses:
> 1484413803577758:1:-- fd00::212:4b00:0:fe01
> 1484413803577770:1:-- fe80::212:4b00:0:fe01
> 1484413803577784:1:-- Default route:
> 1484413803577793:1:-- None
> 1484413803577797:1:-- Routing entries (0 in total):
> 1484413803580245:1:----------------------
> 1484413806109057:1:rx 2: 38
> 1484413808721444:1:rx 5: 36
> 1484413815207271:1:rx 4: 37
> 1484413816648849:1:rx 3: 38
> 1484413817819731:1:rx 4: 38
> 1484413824485810:1:rx 2: 39
> 1484413827548761:1:rx 5: 37
> 1484413828899858:1:rx 5: 38
> 1484413835926309:1:rx 4: 39
> 1484413837187572:1:rx 2: 40
> 1484413838718864:1:rx 3: 39
> 1484413850159342:1:rx 4: 40
> 1484413850429815:1:rx 5: 39
> 1484413858356951:1:rx 2: 41
> 1484413861689992:1:rx 3: 40
> 1484413863418385:1:
> 1484413863418398:1:LINK STATS to 5: 0 0 8
> 1484413863418411:1:
> 1484413863418412:1:LINK STATS to 2: 0 0 7
> 1484413863418428:1:
> 1484413863418429:1:LINK STATS to 4: 0 0 8
> 1484413863418441:1:
> 1484413863418443:1:LINK STATS to 3: 0 0 6
> 1484413863524853:1: 99865 P 0.18 12 497900 1847840 26864 2583366 45969410 38918 142344 1958 190072 3543410
> 1484413863524916:1:tx 0 0 0 0 0 0 0 0 0 0 0 0 0 0 0 0 0 0 0 0 0 0 0 0 0 0 0 0 0 0 0 0 0 0 0 82 0 0 0 0 0 0 0 0 0 0 0 0 0 0 0 0 0 0 0 0 0 0 0 0 0 0 0 0 0 0 0 0 0 0 0 0 0 0 0 0 0 0 0 0 0 0 0 0 0 0 0 0 0 0 0 0 0 0 0 0 0 0 0 0 0 0 0 0 0 0 0 0 0 0 0 0 0 0 0 0 0 0 0 0 0 0 0 0 0 0 0 0 
> 1484413863549799:1:rx 8287 0 0 0 0 0 0 0 0 0 0 0 0 0 0 0 0 0 0 0 0 129 0 0 0 0 0 0 0 0 0 0 0 0 0 0 0 0 0 0 0 0 0 0 0 0 0 0 0 0 0 0 0 0 0 0 0 0 0 0 0 0 0 0 0 0 0 0 0 0 0 0 0 0 0 0 0 0 0 0 0 0 0 0 0 0 0 0 0 0 0 160 0 0 0 0 0 0 0 0 0 0 0 0 0 0 0 0 0 0 0 0 0 0 0 0 0 0 0 0 0 0 0 0 0 0 0 0 
> 1484413863572950:1:--- Network status ---
> 1484413863572967:1:-- Server IPv6 addresses:
> 1484413863572978:1:-- fd00::212:4b00:0:fe01
> 1484413863573003:1:-- fe80::212:4b00:0:fe01
> 1484413863573016:1:-- Default route:
> 1484413863573024:1:-- None
> 1484413863573028:1:-- Routing entries (0 in total):
> 1484413863575337:1:----------------------
> 1484413867185019:1:rx 5: 40
> 1484413869437224:1:rx 3: 41
> 1484413872860342:1:rx 2: 42
> 1484413877184471:1:rx 5: 41
> 1484413879976817:1:rx 4: 41
> 1484413884751357:1:rx 3: 42
> 1484413887363783:1:rx 4: 42
> 1484413889885810:1:rx 2: 43
> 1484413896101535:1:rx 3: 43
> 1484413902767715:1:rx 4: 43
> 1484413904479276:1:rx 2: 44
> 1484413906461206:1:rx 5: 42
> 1484413916640584:1:rx 3: 44
> 1484413918802567:1:rx 4: 44
> 1484413919613284:1:rx 5: 43
> 1484413923413660:1:
> 1484413923413686:1:LINK STATS to 5: 0 0 7
> 1484413923413695:1:
> 1484413923413696:1:LINK STATS to 2: 0 0 7
> 1484413923413709:1:
> 1484413923413711:1:LINK STATS to 4: 0 0 7
> 1484413923413720:1:
> 1484413923413721:1:LINK STATS to 3: 0 0 6
> 1484413923519799:1: 107545 P 0.18 13 536516 1990016 28694 2768614 49517804 38616 142176 1830 185248 3548394
> 1484413923519840:1:tx 0 0 0 0 0 0 0 0 0 0 0 0 0 0 0 0 0 0 0 0 0 0 0 0 0 0 0 0 0 0 0 0 0 0 0 83 0 0 0 0 0 0 0 0 0 0 0 0 0 0 0 0 0 0 0 0 0 0 0 0 0 0 0 0 0 0 0 0 0 0 0 0 0 0 0 0 0 0 0 0 0 0 0 0 0 0 0 0 0 0 0 0 0 0 0 0 0 0 0 0 0 0 0 0 0 0 0 0 0 0 0 0 0 0 0 0 0 0 0 0 0 0 0 0 0 0 0 0 
> 1484413923544762:1:rx 8925 0 0 0 0 0 0 0 0 0 0 0 0 0 0 0 0 0 0 0 0 141 0 0 0 0 0 0 0 0 0 0 0 0 0 0 0 0 0 0 0 0 0 0 0 0 0 0 0 0 0 0 0 0 0 0 0 0 0 0 0 0 0 0 0 0 0 0 0 0 0 0 0 0 0 0 0 0 0 0 0 0 0 0 0 0 0 0 0 0 0 175 0 0 0 0 0 0 0 0 0 0 0 0 0 0 0 0 0 0 0 0 0 0 0 0 0 0 0 0 0 0 0 0 0 0 0 0 
> 1484413923567843:1:--- Network status ---
> 1484413923567856:1:-- Server IPv6 addresses:
> 1484413923567865:1:-- fd00::212:4b00:0:fe01
> 1484413923567993:1:-- fe80::212:4b00:0:fe01
> 1484413923568005:1:-- Default route:
> 1484413923568013:1:-- None
> 1484413923568017:1:-- Routing entries (0 in total):
> 1484413923570289:1:----------------------
> 1484413929972819:1:rx 2: 45
> 1484413934387146:1:rx 5: 44
> 1484413938350550:1:rx 2: 46
> 1484413939071089:1:rx 4: 45
> 1484413939161160:1:rx 3: 45
> 1484413948619837:1:rx 3: 46
> 1484413948980223:1:rx 5: 45
> 1484413950061235:1:rx 4: 46
> 1484413958799348:1:rx 2: 47
> 1484413963934170:1:rx 5: 46
> 1484413969158844:1:rx 2: 48
> 1484413969609250:1:rx 4: 47
> 1484413974203537:1:rx 3: 47
> 1484413976455581:1:rx 3: 48
> 1484413981229994:1:rx 5: 47
> 1484413983409035:1:
> 1484413983409062:1:LINK STATS to 5: 0 0 8
> 1484413983409087:1:
> 1484413983409090:1:LINK STATS to 2: 0 0 6
> 1484413983409105:1:
> 1484413983409107:1:LINK STATS to 4: 0 0 6
> 1484413983409118:1:
> 1484413983409120:1:LINK STATS to 3: 0 0 7
> 1484413983515582:1: 115225 P 0.18 14 575052 2132348 30524 2963646 53056404 38536 142332 1830 195032 3538600
> 1484413983515637:1:tx 0 0 0 0 0 0 0 0 0 0 0 0 0 0 0 0 0 0 0 0 0 0 0 0 0 0 0 0 0 0 0 0 0 0 0 84 0 0 0 0 0 0 0 0 0 0 0 0 0 0 0 0 0 0 0 0 0 0 0 0 0 0 0 0 0 0 0 0 0 0 0 0 0 0 0 0 0 0 0 0 0 0 0 0 0 0 0 0 0 0 0 0 0 0 0 0 0 0 0 0 0 0 0 0 0 0 0 0 0 0 0 0 0 0 0 0 0 0 0 0 0 0 0 0 0 0 0 0 
> 1484413983539702:1:rx 9563 0 0 0 0 0 0 0 0 0 0 0 0 0 0 0 0 0 0 0 0 153 0 0 0 0 0 0 0 0 0 0 0 0 0 0 0 0 0 0 0 0 0 0 0 0 0 0 0 0 0 0 0 0 0 0 0 0 0 0 0 0 0 0 0 0 0 0 0 0 0 0 0 0 0 0 0 0 0 0 0 0 0 0 0 0 0 0 0 0 0 190 0 0 0 0 0 0 0 0 0 0 0 0 0 0 0 0 0 0 0 0 0 0 0 0 0 0 0 0 0 0 0 0 0 0 0 0 
> 1484413983562650:1:--- Network status ---
> 1484413983562664:1:-- Server IPv6 addresses:
> 1484413983562674:1:-- fd00::212:4b00:0:fe01
> 1484413983562687:1:-- fe80::212:4b00:0:fe01
> 1484413983562699:1:-- Default route:
> 1484413983562708:1:-- None
> 1484413983562711:1:-- Routing entries (0 in total):
> 1484413983565571:1:----------------------
> 1484413991949777:1:rx 4: 48
> 1484413993211063:1:rx 2: 49
> 1484413997805027:1:rx 2: 50
> 1484413997985348:1:rx 5: 48
> 1484414000327510:1:rx 3: 49
> 1484414002849802:1:rx 4: 49
> 1484414009155684:1:rx 4: 50
> 1484414014740614:1:rx 3: 50
> 1484414015641528:1:rx 2: 51
> 1484414018073830:1:rx 5: 49
> 1484414023838968:1:rx 3: 51
> 1484414024829930:1:rx 5: 50
> 1484414025010234:1:rx 4: 51
> 1484414038072180:1:rx 2: 52
> 1484414040774653:1:rx 3: 52
> 1484414043404022:1:
> 1484414043404037:1:LINK STATS to 5: 0 0 6
> 1484414043404047:1:
> 1484414043404049:1:LINK STATS to 2: 0 0 8
> 1484414043404061:1:
> 1484414043404063:1:LINK STATS to 4: 0 0 6
> 1484414043404073:1:
> 1484414043404074:1:LINK STATS to 3: 0 0 7
> 1484414043518343:1: 122905 P 0.18 15 613650 2274674 32354 3177982 56576180 38598 142326 1830 214336 3519776
> 1484414043518401:1:tx 0 0 0 0 0 0 0 0 0 0 0 0 0 0 0 0 0 0 0 0 0 0 0 0 0 0 0 0 0 0 0 0 0 0 0 85 0 0 0 0 0 0 0 0 0 0 0 0 0 0 0 0 0 0 0 0 0 0 0 0 0 0 0 0 0 0 0 0 0 0 0 0 0 0 0 0 0 0 0 0 0 0 0 0 0 0 0 0 0 0 0 0 0 0 0 0 0 0 0 0 0 0 0 0 0 0 0 0 0 0 0 0 0 0 0 0 0 0 0 0 0 0 0 0 0 0 0 0 
> 1484414043542510:1:rx 10201 0 0 0 0 0 0 0 0 0 0 0 0 0 0 0 0 0 0 0 0 165 0 0 0 0 0 0 0 0 0 0 0 0 0 0 0 0 0 0 0 0 0 0 0 0 0 0 0 0 0 0 0 0 0 0 0 0 0 0 0 0 0 0 0 0 0 0 0 0 0 0 0 0 0 0 0 0 0 0 0 0 0 0 0 0 0 0 0 0 0 205 0 0 0 0 0 0 0 0 0 0 0 0 0 0 0 0 0 0 0 0 0 0 0 0 0 0 0 0 0 0 0 0 0 0 0 0 
> 1484414043558206:1:--- Network status ---
> 1484414043558227:1:-- Server IPv6 addresses:
> 1484414043558240:1:-- fd00::212:4b00:0:fe01
> 1484414043559526:1:-- fe80::212:4b00:0:fe01
> 1484414043571486:1:-- Default route:
> 1484414043571500:1:-- None
> 1484414043571503:1:-- Routing entries (0 in total):
> 1484414043571514:1:----------------------
