connecting to /dev/ttyUSB2 (115200) [OK]
> 1484411382930218:3: 7705 P 0.18 0 20818 3938380 0 3923592 0 20818 3938380 0 3923592 0
> 1484411382930382:3:tx 0 0 0 0 0 0 0 0 0 0 0 0 0 0 0 0 0 0 0 0 0 0 0 0 0 0 0 0 0 0 0 0 0 0 0 0 0 0 0 0 0 0 0 0 0 0 0 0 0 0 0 0 0 0 0 0 0 0 0 0 0 0 0 0 0 0 0 0 0 0 0 0 0 0 0 0 0 0 0 0 0 0 0 0 0 0 0 0 0 0 0 0 0 0 0 0 0 0 0 0 0 0 0 0 0 0 0 0 0 0 0 0 0 0 0 0 0 0 0 0 0 0 0 0 0 0 0 0 
> 1484411382955209:3:rx 0 0 0 0 0 0 0 0 0 0 0 0 0 0 0 0 0 0 0 0 0 0 0 0 0 0 0 0 0 0 0 0 0 0 0 0 0 0 0 0 0 0 0 0 0 0 0 0 0 0 0 0 0 0 0 0 0 0 0 0 0 0 0 0 0 0 0 0 0 0 0 0 0 0 0 0 0 0 0 0 0 0 0 0 0 0 0 0 0 0 0 0 0 0 0 0 0 0 0 0 0 0 0 0 0 0 0 0 0 0 0 0 0 0 0 0 0 0 0 0 0 0 0 0 0 0 0 0 
> 1484411442929105:3: 15385 P 0.18 1 27148 7870682 0 7849564 0 6330 3932302 0 3925972 0
> 1484411442929219:3:tx 0 0 0 0 0 0 0 0 0 0 0 0 0 0 0 0 0 0 0 0 0 0 0 0 0 0 0 0 0 0 0 0 0 0 0 0 0 0 0 0 0 0 0 0 0 0 0 0 0 0 0 0 0 0 0 0 0 0 0 0 0 0 0 0 0 0 0 0 0 0 0 0 0 0 0 0 0 0 0 0 0 0 0 0 0 0 0 0 0 0 0 0 0 0 0 0 0 0 0 0 0 0 0 0 0 0 0 0 0 0 0 0 0 0 0 0 0 0 0 0 0 0 0 0 0 0 0 0 
> 1484411442953125:3:rx 0 0 0 0 0 0 0 0 0 0 0 0 0 0 0 0 0 0 0 0 0 0 0 0 0 0 0 0 0 0 0 0 0 0 0 0 0 0 0 0 0 0 0 0 0 0 0 0 0 0 0 0 0 0 0 0 0 0 0 0 0 0 0 0 0 0 0 0 0 0 0 0 0 0 0 0 0 0 0 0 0 0 0 0 0 0 0 0 0 0 0 0 0 0 0 0 0 0 0 0 0 0 0 0 0 0 0 0 0 0 0 0 0 0 0 0 0 0 0 0 0 0 0 0 0 0 0 0 
> 1484411444479367:3:tx 3: 1
> 1484411447292786:3:tx 3: 2
> 1484411453922061:3:tx 3: 3
> 1484411457898778:3:tx 3: 4
> 1484411462281225:3:tx 3: 5
> 1484411466650113:3:tx 3: 6
> 1484411467645216:3:tx 3: 7
> 1484411472760081:3:tx 3: 8
> 1484411478250356:3:tx 3: 9
> 1484411482274982:3:tx 3: 10
> 1484411484446320:3:tx 3: 11
> 1484411488501174:3:tx 3: 12
> 1484411491145725:3:tx 3: 13
> 1484411496588180:3:tx 3: 14
> 1484411500506354:3:tx 3: 15
> 1484411502811189:3:
> 1484411502811221:3:LINK STATS to 1: 55 10 0
> 1484411502922141:3: 23065 P 0.18 2 38360 11790510 12098 11770278 0 11212 3919828 12098 3920714 0
> 1484411502922276:3:tx 0 0 0 0 0 0 0 0 0 0 0 0 0 0 0 0 0 0 0 0 0 0 0 0 0 0 0 0 0 0 0 0 0 0 0 0 0 0 0 0 0 0 0 0 0 0 0 0 0 0 0 0 0 0 0 0 0 0 0 0 0 0 0 0 0 0 0 0 0 0 0 0 0 0 0 0 0 0 0 0 0 0 0 0 0 0 0 0 0 0 0 0 0 0 0 0 0 0 0 0 0 0 0 0 0 0 0 0 0 0 0 0 0 0 0 0 0 0 0 0 0 0 0 0 0 0 0 0 
> 1484411502946116:3:rx 0 0 0 0 0 0 0 0 0 0 0 0 0 0 0 0 0 0 0 0 0 0 0 0 0 0 0 0 0 0 0 0 0 0 0 0 0 0 0 0 0 0 0 0 0 0 0 0 0 0 0 0 0 0 0 0 0 0 0 0 0 0 0 0 0 0 0 0 0 0 0 0 0 0 0 0 0 0 0 0 0 0 0 0 0 0 0 0 0 0 0 0 0 0 0 0 0 0 0 0 0 0 0 0 0 0 0 0 0 0 0 0 0 0 0 0 0 0 0 0 0 0 0 0 0 0 0 0 
> 1484411506707330:3:tx 3: 16
> 1484411508537135:3:tx 3: 17
> 1484411512577741:3:tx 3: 18
> 1484411517552102:3:tx 3: 19
> 1484411519901725:3:tx 3: 20
> 1484411526653777:3:tx 3: 21
> 1484411527318115:3:tx 3: 22
> 1484411531551521:3:tx 3: 23
> 1484411538142277:3:tx 3: 24
> 1484411541490365:3:tx 3: 25
> 1484411543811275:3:tx 3: 26
> 1484411548924807:3:tx 3: 27
> 1484411551289052:3:tx 3: 28
> 1484411557090330:3:tx 3: 29
> 1484411559617130:3:tx 3: 30
> 1484411562802894:3:
> 1484411562802924:3:LINK STATS to 1: 15 15 0
> 1484411562918955:3: 30745 P 0.18 3 47886 15719442 15394 15692980 0 9526 3928932 3296 3922702 0
> 1484411562919106:3:tx 0 0 0 0 0 0 0 0 0 0 0 0 0 0 0 0 0 0 0 0 0 0 0 0 0 0 0 0 0 0 0 0 0 0 0 0 0 0 0 0 0 0 0 0 0 0 0 0 0 0 0 0 0 0 0 0 0 0 0 0 0 0 0 0 0 0 0 0 0 0 0 0 0 0 0 0 0 0 0 0 0 0 0 0 0 0 0 0 0 0 0 0 0 0 0 0 0 0 0 0 0 0 0 0 0 0 0 0 0 0 0 0 0 0 0 0 0 0 0 0 0 0 0 0 0 0 0 0 
> 1484411562944076:3:rx 0 0 0 0 0 0 0 0 0 0 0 0 0 0 0 0 0 0 0 0 0 0 0 0 0 0 0 0 0 0 0 0 0 0 0 0 0 0 0 0 0 0 0 0 0 0 0 0 0 0 0 0 0 0 0 0 0 0 0 0 0 0 0 0 0 0 0 0 0 0 0 0 0 0 0 0 0 0 0 0 0 0 0 0 0 0 0 0 0 0 0 0 0 0 0 0 0 0 0 0 0 0 0 0 0 0 0 0 0 0 0 0 0 0 0 0 0 0 0 0 0 0 0 0 0 0 0 0 
> 1484411566587512:3:tx 3: 31
> 1484411568030573:3:tx 3: 32
> 1484411573931981:3:tx 3: 33
> 1484411577253709:3:tx 3: 34
> 1484411581919464:3:tx 3: 35
> 1484411583471379:3:tx 3: 36
> 1484411589668509:3:tx 3: 37
> 1484411594642091:3:tx 3: 38
> 1484411596478642:3:tx 3: 39
> 1484411599229972:3:tx 3: 40
> 1484411603960761:3:tx 3: 41
> 1484411607245955:3:tx 3: 42
> 1484411613013500:3:tx 3: 43
> 1484411616962910:3:tx 3: 44
> 1484411622804299:3:
> 1484411622804316:3:LINK STATS to 1: 14 14 0
> 1484411622890438:3:tx 3: 45
> 1484411622915700:3: 38425 P 0.18 4 58022 19648518 18474 19615000 0 10136 3929076 3080 3922020 0
> 1484411622915739:3:tx 0 0 0 0 0 0 0 0 0 0 0 0 0 0 0 0 0 0 0 0 0 0 0 0 0 0 0 0 0 0 0 0 0 0 0 0 0 0 0 0 0 0 0 0 0 0 0 0 0 0 0 0 0 0 0 0 0 0 0 0 0 0 0 0 0 0 0 0 0 0 0 0 0 0 0 0 0 0 0 0 0 0 0 0 0 0 0 0 0 0 0 0 0 0 0 0 0 0 0 0 0 0 0 0 0 0 0 0 0 0 0 0 0 0 0 0 0 0 0 0 0 0 0 0 0 0 0 0 
> 1484411622940861:3:rx 0 0 0 0 0 0 0 0 0 0 0 0 0 0 0 0 0 0 0 0 0 0 0 0 0 0 0 0 0 0 0 0 0 0 0 0 0 0 0 0 0 0 0 0 0 0 0 0 0 0 0 0 0 0 0 0 0 0 0 0 0 0 0 0 0 0 0 0 0 0 0 0 0 0 0 0 0 0 0 0 0 0 0 0 0 0 0 0 0 0 0 0 0 0 0 0 0 0 0 0 0 0 0 0 0 0 0 0 0 0 0 0 0 0 0 0 0 0 0 0 0 0 0 0 0 0 0 0 
> 1484411626707385:3:tx 3: 46
> 1484411629560954:3:tx 3: 47
> 1484411631539117:3:tx 3: 48
> 1484411635627418:3:tx 3: 49
> 1484411641138919:3:tx 3: 50
> 1484411644723470:3:tx 3: 51
> 1484411647459128:3:tx 3: 52
> 1484411654120671:3:tx 3: 53
> 1484411655472759:3:tx 3: 54
> 1484411660015896:3:tx 3: 55
> 1484411665280406:3:tx 3: 56
> 1484411668875394:3:tx 3: 57
> 1484411672917003:3:tx 3: 58
> 1484411676916195:3:tx 3: 59
> 1484411678973469:3:--- Network status ---
> 1484411678973499:3:-- Server IPv6 addresses:
> 1484411678973521:3:-- fd00::212:4b00:0:fe03
> 1484411678973535:3:-- fe80::212:4b00:0:fe03
> 1484411678973550:3:-- Default route:
> 1484411678973560:3:-- None
> 1484411678973568:3:-- Routing entries (1 in total):
> 1484411678973584:3:-- fd00::212:4b00:0:fe01 via fd00::212:4b00:0:fe01 (lifetime: 0 seconds)
> 1484411678973643:3:----------------------
> 1484411679129401:3:tx 3: 60
> 1484411682799094:3:
> 1484411682799135:3:LINK STATS to 1: 16 16 0
> 1484411682915840:3: 46105 P 0.18 5 70186 23577368 21994 23535206 0 12164 3928850 3520 3920206 0
> 1484411682916004:3:tx 0 0 0 0 0 0 0 0 0 0 0 0 0 0 0 0 0 0 0 0 0 0 0 0 0 0 0 0 0 0 0 0 0 0 0 0 0 0 0 0 0 0 0 0 0 0 0 0 0 0 0 0 0 0 0 0 0 0 0 0 0 0 0 0 0 0 0 0 0 0 0 0 0 0 0 0 0 0 0 0 0 0 0 0 0 0 0 0 0 0 0 0 0 0 0 0 0 0 0 0 0 0 0 0 0 0 0 0 0 0 0 0 0 0 0 0 0 0 0 0 0 0 0 0 0 0 0 0 
> 1484411682939963:3:rx 0 0 0 0 0 0 0 0 0 0 0 0 0 0 0 0 0 0 0 0 0 0 0 0 0 0 0 0 0 0 0 0 0 0 0 0 0 0 0 0 0 0 0 0 0 0 0 0 0 0 0 0 0 0 0 0 0 0 0 0 0 0 0 0 0 0 0 0 0 0 0 0 0 0 0 0 0 0 0 0 0 0 0 0 0 0 0 0 0 0 0 0 0 0 0 0 0 0 0 0 0 0 0 0 0 0 0 0 0 0 0 0 0 0 0 0 0 0 0 0 0 0 0 0 0 0 0 0 
> 1484411683598306:3:tx 3: 61
> 1484411688633808:3:tx 3: 62
> 1484411694395967:3:tx 3: 63
> 1484411698783000:3:tx 3: 64
> 1484411700871075:3:tx 3: 65
> 1484411703296216:3:tx 3: 66
> 1484411708725229:3:tx 3: 67
> 1484411713933745:3:tx 3: 68
> 1484411715799747:3:tx 3: 69
> 1484411719525775:3:tx 3: 70
> 1484411724003625:3:tx 3: 71
> 1484411728674992:3:tx 3: 72
> 1484411732039277:3:tx 3: 73
> 1484411738492163:3:tx 3: 74
> 1484411741113089:3:tx 3: 75
> 1484411742791923:3:
> 1484411742791969:3:LINK STATS to 1: 15 15 0
> 1484411742908591:3: 53785 P 0.18 6 79700 27505994 25292 27457616 0 9514 3928626 3298 3922410 0
> 1484411742908687:3:tx 0 0 0 0 0 0 0 0 0 0 0 0 0 0 0 0 0 0 0 0 0 0 0 0 0 0 0 0 0 0 0 0 0 0 0 0 0 0 0 0 0 0 0 0 0 0 0 0 0 0 0 0 0 0 0 0 0 0 0 0 0 0 0 0 0 0 0 0 0 0 0 0 0 0 0 0 0 0 0 0 0 0 0 0 0 0 0 0 0 0 0 0 0 0 0 0 0 0 0 0 0 0 0 0 0 0 0 0 0 0 0 0 0 0 0 0 0 0 0 0 0 0 0 0 0 0 0 0 
> 1484411742933057:3:rx 0 0 0 0 0 0 0 0 0 0 0 0 0 0 0 0 0 0 0 0 0 0 0 0 0 0 0 0 0 0 0 0 0 0 0 0 0 0 0 0 0 0 0 0 0 0 0 0 0 0 0 0 0 0 0 0 0 0 0 0 0 0 0 0 0 0 0 0 0 0 0 0 0 0 0 0 0 0 0 0 0 0 0 0 0 0 0 0 0 0 0 0 0 0 0 0 0 0 0 0 0 0 0 0 0 0 0 0 0 0 0 0 0 0 0 0 0 0 0 0 0 0 0 0 0 0 0 0 
> 1484411744063496:3:tx 3: 76
> 1484411747451280:3:tx 3: 77
> 1484411751149745:3:tx 3: 78
> 1484411757255682:3:tx 3: 79
> 1484411762008827:3:tx 3: 80
> 1484411764648553:3:tx 3: 81
> 1484411770692660:3:tx 3: 82
> 1484411774817645:3:tx 3: 83
> 1484411777489163:3:tx 3: 84
> 1484411781515320:3:tx 3: 85
> 1484411786274901:3:tx 3: 86
> 1484411787092065:3:tx 3: 87
> 1484411792303001:3:tx 3: 88
> 1484411795846077:3:tx 3: 89
> 1484411802093058:3:tx 3: 90
> 1484411802788064:3:
> 1484411802788101:3:LINK STATS to 1: 15 15 0
> 1484411802909541:3: 61465 P 0.18 7 89304 31435154 28592 31380472 0 9604 3929160 3300 3922856 0
> 1484411802909713:3:tx 0 0 0 0 0 0 0 0 0 0 0 0 0 0 0 0 0 0 0 0 0 0 0 0 0 0 0 0 0 0 0 0 0 0 0 0 0 0 0 0 0 0 0 0 0 0 0 0 0 0 0 0 0 0 0 0 0 0 0 0 0 0 0 0 0 0 0 0 0 0 0 0 0 0 0 0 0 0 0 0 0 0 0 0 0 0 0 0 0 0 0 0 0 0 0 0 0 0 0 0 0 0 0 0 0 0 0 0 0 0 0 0 0 0 0 0 0 0 0 0 0 0 0 0 0 0 0 0 
> 1484411802934618:3:rx 0 0 0 0 0 0 0 0 0 0 0 0 0 0 0 0 0 0 0 0 0 0 0 0 0 0 0 0 0 0 0 0 0 0 0 0 0 0 0 0 0 0 0 0 0 0 0 0 0 0 0 0 0 0 0 0 0 0 0 0 0 0 0 0 0 0 0 0 0 0 0 0 0 0 0 0 0 0 0 0 0 0 0 0 0 0 0 0 0 0 0 0 0 0 0 0 0 0 0 0 0 0 0 0 0 0 0 0 0 0 0 0 0 0 0 0 0 0 0 0 0 0 0 0 0 0 0 0 
> 1484411805628709:3:tx 3: 91
> 1484411810483088:3:tx 3: 92
> 1484411811830158:3:tx 3: 93
> 1484411817273176:3:tx 3: 94
> 1484411821215093:3:tx 3: 95
> 1484411825242550:3:tx 3: 96
> 1484411830588346:3:tx 3: 97
> 1484411831441151:3:tx 3: 98
> 1484411836536037:3:tx 3: 99
> 1484411840123580:3:tx 3: 100
> 1484411846030137:3:tx 3: 101
> 1484411847026159:3:tx 3: 102
> 1484411853261752:3:tx 3: 103
> 1484411856787548:3:tx 3: 104
> 1484411859353587:3:tx 3: 105
> 1484411862790458:3:
> 1484411862790501:3:LINK STATS to 1: 15 15 0
> 1484411862900612:3: 69145 P 0.18 8 99974 35363672 31894 35301622 0 10670 3928518 3302 3921150 0
> 1484411862900727:3:tx 0 0 0 0 0 0 0 0 0 0 0 0 0 0 0 0 0 0 0 0 0 0 0 0 0 0 0 0 0 0 0 0 0 0 0 0 0 0 0 0 0 0 0 0 0 0 0 0 0 0 0 0 0 0 0 0 0 0 0 0 0 0 0 0 0 0 0 0 0 0 0 0 0 0 0 0 0 0 0 0 0 0 0 0 0 0 0 0 0 0 0 0 0 0 0 0 0 0 0 0 0 0 0 0 0 0 0 0 0 0 0 0 0 0 0 0 0 0 0 0 0 0 0 0 0 0 0 0 
> 1484411862925476:3:rx 0 0 0 0 0 0 0 0 0 0 0 0 0 0 0 0 0 0 0 0 0 0 0 0 0 0 0 0 0 0 0 0 0 0 0 0 0 0 0 0 0 0 0 0 0 0 0 0 0 0 0 0 0 0 0 0 0 0 0 0 0 0 0 0 0 0 0 0 0 0 0 0 0 0 0 0 0 0 0 0 0 0 0 0 0 0 0 0 0 0 0 0 0 0 0 0 0 0 0 0 0 0 0 0 0 0 0 0 0 0 0 0 0 0 0 0 0 0 0 0 0 0 0 0 0 0 0 0 
> 1484411863345369:3:tx 3: 106
> 1484411867823426:3:tx 3: 107
> 1484411874206702:3:tx 3: 108
> 1484411878555764:3:tx 3: 109
> 1484411881517409:3:tx 3: 110
> 1484411884604118:3:tx 3: 111
> 1484411889304770:3:tx 3: 112
> 1484411892855260:3:tx 3: 113
> 1484411896695293:3:tx 3: 114
> 1484411902150385:3:tx 3: 115
> 1484411904030854:3:tx 3: 116
> 1484411908764783:3:tx 3: 117
> 1484411914157104:3:tx 3: 118
> 1484411918194846:3:tx 3: 119
> 1484411918974529:3:--- Network status ---
> 1484411918974625:3:-- Server IPv6 addresses:
> 1484411918974696:3:-- fd00::212:4b00:0:fe03
> 1484411918974753:3:-- fe80::212:4b00:0:fe03
> 1484411918974855:3:-- Default route:
> 1484411918974918:3:-- None
> 1484411918974953:3:-- Routing entries (1 in total):
> 1484411918975007:3:-- fd00::212:4b00:0:fe01 via fd00::212:4b00:0:fe01 (lifetime: 0 seconds)
> 1484411918975129:3:----------------------
> 1484411921494417:3:tx 3: 120
> 1484411922781354:3:
> 1484411922781386:3:LINK STATS to 1: 15 15 0
> 1484411922897324:3: 76825 P 0.18 9 111578 39292564 35194 39222210 0 11604 3928892 3300 3920588 0
> 1484411922897500:3:tx 0 0 0 0 0 0 0 0 0 0 0 0 0 0 0 0 0 0 0 0 0 0 0 0 0 0 0 0 0 0 0 0 0 0 0 0 0 0 0 0 0 0 0 0 0 0 0 0 0 0 0 0 0 0 0 0 0 0 0 0 0 0 0 0 0 0 0 0 0 0 0 0 0 0 0 0 0 0 0 0 0 0 0 0 0 0 0 0 0 0 0 0 0 0 0 0 0 0 0 0 0 0 0 0 0 0 0 0 0 0 0 0 0 0 0 0 0 0 0 0 0 0 0 0 0 0 0 0 
> 1484411922922343:3:rx 0 0 0 0 0 0 0 0 0 0 0 0 0 0 0 0 0 0 0 0 0 0 0 0 0 0 0 0 0 0 0 0 0 0 0 0 0 0 0 0 0 0 0 0 0 0 0 0 0 0 0 0 0 0 0 0 0 0 0 0 0 0 0 0 0 0 0 0 0 0 0 0 0 0 0 0 0 0 0 0 0 0 0 0 0 0 0 0 0 0 0 0 0 0 0 0 0 0 0 0 0 0 0 0 0 0 0 0 0 0 0 0 0 0 0 0 0 0 0 0 0 0 0 0 0 0 0 0 
> 1484411925819036:3:tx 3: 121
> 1484411927561795:3:tx 3: 122
> 1484411931274591:3:tx 3: 123
> 1484411937021491:3:tx 3: 124
> 1484411941396477:3:tx 3: 125
> 1484411946298140:3:tx 3: 126
> 1484411950739873:3:tx 3: 127
> 1484411953642419:3:tx 3: 128
> 1484411957950466:3:tx 3: 129
> 1484411960735615:3:tx 3: 130
> 1484411966675505:3:tx 3: 131
> 1484411967449228:3:tx 3: 132
> 1484411973299495:3:tx 3: 133
> 1484411975318974:3:tx 3: 134
