connecting to /dev/ttyUSB1 (115200) [OK]
> 1484411381302230:2: 7705 P 0.18 0 20828 3938716 0 3923926 0 20828 3938716 0 3923926 0
> 1484411381302416:2:tx 0 0 0 0 0 0 0 0 0 0 0 0 0 0 0 0 0 0 0 0 0 0 0 0 0 0 0 0 0 0 0 0 0 0 0 0 0 0 0 0 0 0 0 0 0 0 0 0 0 0 0 0 0 0 0 0 0 0 0 0 0 0 0 0 0 0 0 0 0 0 0 0 0 0 0 0 0 0 0 0 0 0 0 0 0 0 0 0 0 0 0 0 0 0 0 0 0 0 0 0 0 0 0 0 0 0 0 0 0 0 0 0 0 0 0 0 0 0 0 0 0 0 0 0 0 0 0 0 
> 1484411381327315:2:rx 0 0 0 0 0 0 0 0 0 0 0 0 0 0 0 0 0 0 0 0 0 0 0 0 0 0 0 0 0 0 0 0 0 0 0 0 0 0 0 0 0 0 0 0 0 0 0 0 0 0 0 0 0 0 0 0 0 0 0 0 0 0 0 0 0 0 0 0 0 0 0 0 0 0 0 0 0 0 0 0 0 0 0 0 0 0 0 0 0 0 0 0 0 0 0 0 0 0 0 0 0 0 0 0 0 0 0 0 0 0 0 0 0 0 0 0 0 0 0 0 0 0 0 0 0 0 0 0 
> 1484411441293100:2: 15385 P 0.18 1 27156 7870472 0 7849354 0 6328 3931756 0 3925428 0
> 1484411441293202:2:tx 0 0 0 0 0 0 0 0 0 0 0 0 0 0 0 0 0 0 0 0 0 0 0 0 0 0 0 0 0 0 0 0 0 0 0 0 0 0 0 0 0 0 0 0 0 0 0 0 0 0 0 0 0 0 0 0 0 0 0 0 0 0 0 0 0 0 0 0 0 0 0 0 0 0 0 0 0 0 0 0 0 0 0 0 0 0 0 0 0 0 0 0 0 0 0 0 0 0 0 0 0 0 0 0 0 0 0 0 0 0 0 0 0 0 0 0 0 0 0 0 0 0 0 0 0 0 0 0 
> 1484411441317156:2:rx 0 0 0 0 0 0 0 0 0 0 0 0 0 0 0 0 0 0 0 0 0 0 0 0 0 0 0 0 0 0 0 0 0 0 0 0 0 0 0 0 0 0 0 0 0 0 0 0 0 0 0 0 0 0 0 0 0 0 0 0 0 0 0 0 0 0 0 0 0 0 0 0 0 0 0 0 0 0 0 0 0 0 0 0 0 0 0 0 0 0 0 0 0 0 0 0 0 0 0 0 0 0 0 0 0 0 0 0 0 0 0 0 0 0 0 0 0 0 0 0 0 0 0 0 0 0 0 0 
> 1484411441900889:2:tx 2: 1
> 1484411449004378:2:tx 2: 2
> 1484411453117369:2:tx 2: 3
> 1484411455150491:2:tx 2: 4
> 1484411458034300:2:tx 2: 5
> 1484411462147412:2:tx 2: 6
> 1484411467343061:2:tx 2: 7
> 1484411471771461:2:tx 2: 8
> 1484411475520048:2:tx 2: 9
> 1484411478818240:2:tx 2: 10
> 1484411484056452:2:tx 2: 11
> 1484411487676619:2:tx 2: 12
> 1484411491577881:2:tx 2: 13
> 1484411496403246:2:tx 2: 14
> 1484411497615046:2:tx 2: 15
> 1484411501177458:2:
> 1484411501177487:2:LINK STATS to 1: 15 15 0
> 1484411501291971:2: 23065 P 0.18 2 37664 11799518 3300 11771192 0 10508 3929046 3300 3921838 0
> 1484411501292021:2:tx 0 0 0 0 0 0 0 0 0 0 0 0 0 0 0 0 0 0 0 0 0 0 0 0 0 0 0 0 0 0 0 0 0 0 0 0 0 0 0 0 0 0 0 0 0 0 0 0 0 0 0 0 0 0 0 0 0 0 0 0 0 0 0 0 0 0 0 0 0 0 0 0 0 0 0 0 0 0 0 0 0 0 0 0 0 0 0 0 0 0 0 0 0 0 0 0 0 0 0 0 0 0 0 0 0 0 0 0 0 0 0 0 0 0 0 0 0 0 0 0 0 0 0 0 0 0 0 0 
> 1484411501317037:2:rx 0 0 0 0 0 0 0 0 0 0 0 0 0 0 0 0 0 0 0 0 0 0 0 0 0 0 0 0 0 0 0 0 0 0 0 0 0 0 0 0 0 0 0 0 0 0 0 0 0 0 0 0 0 0 0 0 0 0 0 0 0 0 0 0 0 0 0 0 0 0 0 0 0 0 0 0 0 0 0 0 0 0 0 0 0 0 0 0 0 0 0 0 0 0 0 0 0 0 0 0 0 0 0 0 0 0 0 0 0 0 0 0 0 0 0 0 0 0 0 0 0 0 0 0 0 0 0 0 
> 1484411502311825:2:tx 2: 16
> 1484411506830673:2:tx 2: 17
> 1484411511262050:2:tx 2: 18
> 1484411516478559:2:tx 2: 19
> 1484411520672962:2:tx 2: 20
> 1484411523436174:2:tx 2: 21
> 1484411526476574:2:tx 2: 22
> 1484411529917992:2:tx 2: 23
> 1484411533976746:2:tx 2: 24
> 1484411540705841:2:tx 2: 25
> 1484411542192460:2:tx 2: 26
> 1484411548658318:2:tx 2: 27
> 1484411549769998:2:tx 2: 28
> 1484411553544512:2:tx 2: 29
> 1484411559791904:2:tx 2: 30
> 1484411561171222:2:
> 1484411561171253:2:LINK STATS to 1: 23 14 0
> 1484411561288045:2: 30745 P 0.18 3 48014 15726548 8360 15692932 0 10350 3927030 5060 3921740 0
> 1484411561288164:2:tx 0 0 0 0 0 0 0 0 0 0 0 0 0 0 0 0 0 0 0 0 0 0 0 0 0 0 0 0 0 0 0 0 0 0 0 0 0 0 0 0 0 0 0 0 0 0 0 0 0 0 0 0 0 0 0 0 0 0 0 0 0 0 0 0 0 0 0 0 0 0 0 0 0 0 0 0 0 0 0 0 0 0 0 0 0 0 0 0 0 0 0 0 0 0 0 0 0 0 0 0 0 0 0 0 0 0 0 0 0 0 0 0 0 0 0 0 0 0 0 0 0 0 0 0 0 0 0 0 
> 1484411561312029:2:rx 0 0 0 0 0 0 0 0 0 0 0 0 0 0 0 0 0 0 0 0 0 0 0 0 0 0 0 0 0 0 0 0 0 0 0 0 0 0 0 0 0 0 0 0 0 0 0 0 0 0 0 0 0 0 0 0 0 0 0 0 0 0 0 0 0 0 0 0 0 0 0 0 0 0 0 0 0 0 0 0 0 0 0 0 0 0 0 0 0 0 0 0 0 0 0 0 0 0 0 0 0 0 0 0 0 0 0 0 0 0 0 0 0 0 0 0 0 0 0 0 0 0 0 0 0 0 0 0 
> 1484411564676020:2:tx 2: 31
> 1484411568906162:2:tx 2: 32
> 1484411572058565:2:tx 2: 33
> 1484411576677727:2:tx 2: 34
> 1484411579791167:2:tx 2: 35
> 1484411583175040:2:tx 2: 36
> 1484411588499231:2:tx 2: 37
> 1484411592878640:2:tx 2: 38
> 1484411596268273:2:tx 2: 39
> 1484411600071570:2:tx 2: 40
> 1484411601983433:2:tx 2: 41
> 1484411606795249:2:tx 2: 42
> 1484411612101536:2:tx 2: 43
> 1484411617030613:2:tx 2: 44
> 1484411620059207:2:tx 2: 45
> 1484411621165877:2:
> 1484411621165889:2:LINK STATS to 1: 15 15 0
> 1484411621281741:2: 38425 P 0.18 4 58724 19655272 11660 19614246 0 10710 3928724 3300 3921314 0
> 1484411621281871:2:tx 0 0 0 0 0 0 0 0 0 0 0 0 0 0 0 0 0 0 0 0 0 0 0 0 0 0 0 0 0 0 0 0 0 0 0 0 0 0 0 0 0 0 0 0 0 0 0 0 0 0 0 0 0 0 0 0 0 0 0 0 0 0 0 0 0 0 0 0 0 0 0 0 0 0 0 0 0 0 0 0 0 0 0 0 0 0 0 0 0 0 0 0 0 0 0 0 0 0 0 0 0 0 0 0 0 0 0 0 0 0 0 0 0 0 0 0 0 0 0 0 0 0 0 0 0 0 0 0 
> 1484411621307020:2:rx 0 0 0 0 0 0 0 0 0 0 0 0 0 0 0 0 0 0 0 0 0 0 0 0 0 0 0 0 0 0 0 0 0 0 0 0 0 0 0 0 0 0 0 0 0 0 0 0 0 0 0 0 0 0 0 0 0 0 0 0 0 0 0 0 0 0 0 0 0 0 0 0 0 0 0 0 0 0 0 0 0 0 0 0 0 0 0 0 0 0 0 0 0 0 0 0 0 0 0 0 0 0 0 0 0 0 0 0 0 0 0 0 0 0 0 0 0 0 0 0 0 0 0 0 0 0 0 0 
> 1484411622906492:2:tx 2: 46
> 1484411627135682:2:tx 2: 47
> 1484411631152750:2:tx 2: 48
> 1484411636147207:2:tx 2: 49
> 1484411638609420:2:tx 2: 50
> 1484411645189954:2:tx 2: 51
> 1484411647990534:2:tx 2: 52
> 1484411650764750:2:tx 2: 53
> 1484411655243639:2:tx 2: 54
> 1484411660383346:2:tx 2: 55
> 1484411661636525:2:tx 2: 56
> 1484411666361585:2:tx 2: 57
> 1484411670869406:2:tx 2: 58
> 1484411676374073:2:tx 2: 59
> 1484411677333925:2:--- Network status ---
> 1484411677333984:2:-- Server IPv6 addresses:
> 1484411677334039:2:-- fd00::212:4b00:0:fe02
> 1484411677334056:2:-- fe80::212:4b00:0:fe02
> 1484411677334077:2:-- Default route:
> 1484411677334097:2:-- None
> 1484411677334115:2:-- Routing entries (1 in total):
> 1484411677334178:2:-- fd00::212:4b00:0:fe01 via fd00::212:4b00:0:fe01 (lifetime: 0 seconds)
> 1484411677334425:2:----------------------
> 1484411679763158:2:tx 2: 60
> 1484411681163358:2:
> 1484411681163397:2:LINK STATS to 1: 15 15 0
> 1484411681279697:2: 46105 P 0.18 5 71994 23584206 14962 23533212 0 13270 3928934 3302 3918966 0
> 1484411681279804:2:tx 0 0 0 0 0 0 0 0 0 0 0 0 0 0 0 0 0 0 0 0 0 0 0 0 0 0 0 0 0 0 0 0 0 0 0 0 0 0 0 0 0 0 0 0 0 0 0 0 0 0 0 0 0 0 0 0 0 0 0 0 0 0 0 0 0 0 0 0 0 0 0 0 0 0 0 0 0 0 0 0 0 0 0 0 0 0 0 0 0 0 0 0 0 0 0 0 0 0 0 0 0 0 0 0 0 0 0 0 0 0 0 0 0 0 0 0 0 0 0 0 0 0 0 0 0 0 0 0 
> 1484411681304953:2:rx 0 0 0 0 0 0 0 0 0 0 0 0 0 0 0 0 0 0 0 0 0 0 0 0 0 0 0 0 0 0 0 0 0 0 0 0 0 0 0 0 0 0 0 0 0 0 0 0 0 0 0 0 0 0 0 0 0 0 0 0 0 0 0 0 0 0 0 0 0 0 0 0 0 0 0 0 0 0 0 0 0 0 0 0 0 0 0 0 0 0 0 0 0 0 0 0 0 0 0 0 0 0 0 0 0 0 0 0 0 0 0 0 0 0 0 0 0 0 0 0 0 0 0 0 0 0 0 0 
> 1484411684608910:2:tx 2: 61
> 1484411687817681:2:tx 2: 62
> 1484411692726212:2:tx 2: 63
> 1484411696497005:2:tx 2: 64
> 1484411697630045:2:tx 2: 65
> 1484411702345089:2:tx 2: 66
> 1484411707712118:2:tx 2: 67
> 1484411711510517:2:tx 2: 68
> 1484411714009301:2:tx 2: 69
> 1484411718402416:2:tx 2: 70
> 1484411724717655:2:tx 2: 71
> 1484411725952610:2:tx 2: 72
> 1484411731773486:2:tx 2: 73
> 1484411733534892:2:tx 2: 74
> 1484411738739793:2:tx 2: 75
> 1484411741158946:2:
> 1484411741158972:2:LINK STATS to 1: 15 15 0
> 1484411741275532:2: 53785 P 0.18 6 82372 27512784 18482 27454932 0 10378 3928578 3520 3921720 0
> 1484411741275602:2:tx 0 0 0 0 0 0 0 0 0 0 0 0 0 0 0 0 0 0 0 0 0 0 0 0 0 0 0 0 0 0 0 0 0 0 0 0 0 0 0 0 0 0 0 0 0 0 0 0 0 0 0 0 0 0 0 0 0 0 0 0 0 0 0 0 0 0 0 0 0 0 0 0 0 0 0 0 0 0 0 0 0 0 0 0 0 0 0 0 0 0 0 0 0 0 0 0 0 0 0 0 0 0 0 0 0 0 0 0 0 0 0 0 0 0 0 0 0 0 0 0 0 0 0 0 0 0 0 0 
> 1484411741300724:2:rx 0 0 0 0 0 0 0 0 0 0 0 0 0 0 0 0 0 0 0 0 0 0 0 0 0 0 0 0 0 0 0 0 0 0 0 0 0 0 0 0 0 0 0 0 0 0 0 0 0 0 0 0 0 0 0 0 0 0 0 0 0 0 0 0 0 0 0 0 0 0 0 0 0 0 0 0 0 0 0 0 0 0 0 0 0 0 0 0 0 0 0 0 0 0 0 0 0 0 0 0 0 0 0 0 0 0 0 0 0 0 0 0 0 0 0 0 0 0 0 0 0 0 0 0 0 0 0 0 
> 1484411741516437:2:tx 2: 76
> 1484411745955838:2:tx 2: 77
> 1484411749388281:2:tx 2: 78
> 1484411753515197:2:tx 2: 79
> 1484411757729849:2:tx 2: 80
> 1484411763512219:2:tx 2: 81
> 1484411768039731:2:tx 2: 82
> 1484411772385922:2:tx 2: 83
> 1484411774163691:2:tx 2: 84
> 1484411780422697:2:tx 2: 85
> 1484411782247676:2:tx 2: 86
> 1484411788033216:2:tx 2: 87
> 1484411792652289:2:tx 2: 88
> 1484411794771867:2:tx 2: 89
> 1484411800477510:2:tx 2: 90
> 1484411801155426:2:
> 1484411801155467:2:LINK STATS to 1: 15 15 0
> 1484411801271586:2: 61465 P 0.18 7 91876 31441632 21782 31377576 0 9504 3928848 3300 3922644 0
> 1484411801271832:2:tx 0 0 0 0 0 0 0 0 0 0 0 0 0 0 0 0 0 0 0 0 0 0 0 0 0 0 0 0 0 0 0 0 0 0 0 0 0 0 0 0 0 0 0 0 0 0 0 0 0 0 0 0 0 0 0 0 0 0 0 0 0 0 0 0 0 0 0 0 0 0 0 0 0 0 0 0 0 0 0 0 0 0 0 0 0 0 0 0 0 0 0 0 0 0 0 0 0 0 0 0 0 0 0 0 0 0 0 0 0 0 0 0 0 0 0 0 0 0 0 0 0 0 0 0 0 0 0 0 
> 1484411801296860:2:rx 0 0 0 0 0 0 0 0 0 0 0 0 0 0 0 0 0 0 0 0 0 0 0 0 0 0 0 0 0 0 0 0 0 0 0 0 0 0 0 0 0 0 0 0 0 0 0 0 0 0 0 0 0 0 0 0 0 0 0 0 0 0 0 0 0 0 0 0 0 0 0 0 0 0 0 0 0 0 0 0 0 0 0 0 0 0 0 0 0 0 0 0 0 0 0 0 0 0 0 0 0 0 0 0 0 0 0 0 0 0 0 0 0 0 0 0 0 0 0 0 0 0 0 0 0 0 0 0 
> 1484411803021232:2:tx 2: 91
> 1484411807924910:2:tx 2: 92
> 1484411810636770:2:tx 2: 93
> 1484411814905561:2:tx 2: 94
> 1484411820267199:2:tx 2: 95
> 1484411823532678:2:tx 2: 96
> 1484411826770985:2:tx 2: 97
> 1484411829574683:2:tx 2: 98
> 1484411836929462:2:tx 2: 99
> 1484411840152247:2:tx 2: 100
> 1484411845263267:2:tx 2: 101
> 1484411849169132:2:tx 2: 102
> 1484411852374574:2:tx 2: 103
> 1484411855267861:2:tx 2: 104
> 1484411860124967:2:tx 2: 105
> 1484411861152229:2:
> 1484411861152261:2:LINK STATS to 1: 15 15 0
> 1484411861268350:2: 69145 P 0.18 8 102042 35370498 25082 35299576 0 10166 3928866 3300 3922000 0
> 1484411861268487:2:tx 0 0 0 0 0 0 0 0 0 0 0 0 0 0 0 0 0 0 0 0 0 0 0 0 0 0 0 0 0 0 0 0 0 0 0 0 0 0 0 0 0 0 0 0 0 0 0 0 0 0 0 0 0 0 0 0 0 0 0 0 0 0 0 0 0 0 0 0 0 0 0 0 0 0 0 0 0 0 0 0 0 0 0 0 0 0 0 0 0 0 0 0 0 0 0 0 0 0 0 0 0 0 0 0 0 0 0 0 0 0 0 0 0 0 0 0 0 0 0 0 0 0 0 0 0 0 0 0 
> 1484411861293770:2:rx 0 0 0 0 0 0 0 0 0 0 0 0 0 0 0 0 0 0 0 0 0 0 0 0 0 0 0 0 0 0 0 0 0 0 0 0 0 0 0 0 0 0 0 0 0 0 0 0 0 0 0 0 0 0 0 0 0 0 0 0 0 0 0 0 0 0 0 0 0 0 0 0 0 0 0 0 0 0 0 0 0 0 0 0 0 0 0 0 0 0 0 0 0 0 0 0 0 0 0 0 0 0 0 0 0 0 0 0 0 0 0 0 0 0 0 0 0 0 0 0 0 0 0 0 0 0 0 0 
> 1484411862095820:2:tx 2: 106
> 1484411866558608:2:tx 2: 107
> 1484411873194151:2:tx 2: 108
> 1484411876799823:2:tx 2: 109
> 1484411879881849:2:tx 2: 110
> 1484411882645025:2:tx 2: 111
> 1484411888556877:2:tx 2: 112
> 1484411889833205:2:tx 2: 113
> 1484411894087526:2:tx 2: 114
> 1484411897990064:2:tx 2: 115
> 1484411903854641:2:tx 2: 116
> 1484411906446367:2:tx 2: 117
> 1484411909450356:2:tx 2: 118
> 1484411916598409:2:tx 2: 119
> 1484411917317136:2:--- Network status ---
> 1484411917317157:2:-- Server IPv6 addresses:
> 1484411917317171:2:-- fd00::212:4b00:0:fe02
> 1484411917317181:2:-- fe80::212:4b00:0:fe02
> 1484411917317193:2:-- Default route:
> 1484411917317201:2:-- None
> 1484411917317209:2:-- Routing entries (1 in total):
> 1484411917317223:2:-- fd00::212:4b00:0:fe01 via fd00::212:4b00:0:fe01 (lifetime: 0 seconds)
> 1484411917317257:2:----------------------
> 1484411921021480:2:tx 2: 120
> 1484411921148160:2:
> 1484411921148183:2:LINK STATS to 1: 15 15 0
> 1484411921264329:2: 76825 P 0.18 9 113492 39299344 28380 39220270 0 11450 3928846 3298 3920694 0
> 1484411921264397:2:tx 0 0 0 0 0 0 0 0 0 0 0 0 0 0 0 0 0 0 0 0 0 0 0 0 0 0 0 0 0 0 0 0 0 0 0 0 0 0 0 0 0 0 0 0 0 0 0 0 0 0 0 0 0 0 0 0 0 0 0 0 0 0 0 0 0 0 0 0 0 0 0 0 0 0 0 0 0 0 0 0 0 0 0 0 0 0 0 0 0 0 0 0 0 0 0 0 0 0 0 0 0 0 0 0 0 0 0 0 0 0 0 0 0 0 0 0 0 0 0 0 0 0 0 0 0 0 0 0 
> 1484411921289435:2:rx 0 0 0 0 0 0 0 0 0 0 0 0 0 0 0 0 0 0 0 0 0 0 0 0 0 0 0 0 0 0 0 0 0 0 0 0 0 0 0 0 0 0 0 0 0 0 0 0 0 0 0 0 0 0 0 0 0 0 0 0 0 0 0 0 0 0 0 0 0 0 0 0 0 0 0 0 0 0 0 0 0 0 0 0 0 0 0 0 0 0 0 0 0 0 0 0 0 0 0 0 0 0 0 0 0 0 0 0 0 0 0 0 0 0 0 0 0 0 0 0 0 0 0 0 0 0 0 0 
> 1484411922351761:2:tx 2: 121
> 1484411927864300:2:tx 2: 122
> 1484411931948903:2:tx 2: 123
> 1484411935203038:2:tx 2: 124
> 1484411939804699:2:tx 2: 125
> 1484411944539805:2:tx 2: 126
> 1484411947713896:2:tx 2: 127
> 1484411951456673:2:tx 2: 128
> 1484411953632220:2:tx 2: 129
> 1484411959571495:2:tx 2: 130
> 1484411962504581:2:tx 2: 131
> 1484411967493604:2:tx 2: 132
> 1484411970120134:2:tx 2: 133
