connecting to /dev/ttyUSB3 (115200) [OK]
> 1484411390562156:4: 7705 P 0.18 0 20794 3938390 0 3923618 0 20794 3938390 0 3923618 0
> 1484411390562296:4:tx 0 0 0 0 0 0 0 0 0 0 0 0 0 0 0 0 0 0 0 0 0 0 0 0 0 0 0 0 0 0 0 0 0 0 0 0 0 0 0 0 0 0 0 0 0 0 0 0 0 0 0 0 0 0 0 0 0 0 0 0 0 0 0 0 0 0 0 0 0 0 0 0 0 0 0 0 0 0 0 0 0 0 0 0 0 0 0 0 0 0 0 0 0 0 0 0 0 0 0 0 0 0 0 0 0 0 0 0 0 0 0 0 0 0 0 0 0 0 0 0 0 0 0 0 0 0 0 0 
> 1484411390587210:4:rx 0 0 0 0 0 0 0 0 0 0 0 0 0 0 0 0 0 0 0 0 0 0 0 0 0 0 0 0 0 0 0 0 0 0 0 0 0 0 0 0 0 0 0 0 0 0 0 0 0 0 0 0 0 0 0 0 0 0 0 0 0 0 0 0 0 0 0 0 0 0 0 0 0 0 0 0 0 0 0 0 0 0 0 0 0 0 0 0 0 0 0 0 0 0 0 0 0 0 0 0 0 0 0 0 0 0 0 0 0 0 0 0 0 0 0 0 0 0 0 0 0 0 0 0 0 0 0 0 
> 1484411450558139:4: 15385 P 0.18 1 27130 7870484 0 7849376 0 6336 3932094 0 3925758 0
> 1484411450558699:4:tx 0 0 0 0 0 0 0 0 0 0 0 0 0 0 0 0 0 0 0 0 0 0 0 0 0 0 0 0 0 0 0 0 0 0 0 0 0 0 0 0 0 0 0 0 0 0 0 0 0 0 0 0 0 0 0 0 0 0 0 0 0 0 0 0 0 0 0 0 0 0 0 0 0 0 0 0 0 0 0 0 0 0 0 0 0 0 0 0 0 0 0 0 0 0 0 0 0 0 0 0 0 0 0 0 0 0 0 0 0 0 0 0 0 0 0 0 0 0 0 0 0 0 0 0 0 0 0 0 
> 1484411450583153:4:rx 0 0 0 0 0 0 0 0 0 0 0 0 0 0 0 0 0 0 0 0 0 0 0 0 0 0 0 0 0 0 0 0 0 0 0 0 0 0 0 0 0 0 0 0 0 0 0 0 0 0 0 0 0 0 0 0 0 0 0 0 0 0 0 0 0 0 0 0 0 0 0 0 0 0 0 0 0 0 0 0 0 0 0 0 0 0 0 0 0 0 0 0 0 0 0 0 0 0 0 0 0 0 0 0 0 0 0 0 0 0 0 0 0 0 0 0 0 0 0 0 0 0 0 0 0 0 0 0 
> 1484411452150695:4:tx 4: 1
> 1484411458333697:4:tx 4: 2
> 1484411459454841:4:tx 4: 3
> 1484411465051935:4:tx 4: 4
> 1484411467475874:4:tx 4: 5
> 1484411470737156:4:tx 4: 6
> 1484411474676033:4:tx 4: 7
> 1484411480464532:4:tx 4: 8
> 1484411484288234:4:tx 4: 9
> 1484411489078107:4:tx 4: 10
> 1484411494082116:4:tx 4: 11
> 1484411497562755:4:tx 4: 12
> 1484411500711688:4:tx 4: 13
> 1484411503769722:4:tx 4: 14
> 1484411508039367:4:tx 4: 15
> 1484411510443050:4:
> 1484411510443078:4:LINK STATS to 1: 15 15 0
> 1484411510554080:4: 23065 P 0.18 2 37060 11799316 3300 11771578 0 9930 3928832 3300 3922202 0
> 1484411510554169:4:tx 0 0 0 0 0 0 0 0 0 0 0 0 0 0 0 0 0 0 0 0 0 0 0 0 0 0 0 0 0 0 0 0 0 0 0 0 0 0 0 0 0 0 0 0 0 0 0 0 0 0 0 0 0 0 0 0 0 0 0 0 0 0 0 0 0 0 0 0 0 0 0 0 0 0 0 0 0 0 0 0 0 0 0 0 0 0 0 0 0 0 0 0 0 0 0 0 0 0 0 0 0 0 0 0 0 0 0 0 0 0 0 0 0 0 0 0 0 0 0 0 0 0 0 0 0 0 0 0 
> 1484411510578137:4:rx 0 0 0 0 0 0 0 0 0 0 0 0 0 0 0 0 0 0 0 0 0 0 0 0 0 0 0 0 0 0 0 0 0 0 0 0 0 0 0 0 0 0 0 0 0 0 0 0 0 0 0 0 0 0 0 0 0 0 0 0 0 0 0 0 0 0 0 0 0 0 0 0 0 0 0 0 0 0 0 0 0 0 0 0 0 0 0 0 0 0 0 0 0 0 0 0 0 0 0 0 0 0 0 0 0 0 0 0 0 0 0 0 0 0 0 0 0 0 0 0 0 0 0 0 0 0 0 0 
> 1484411512158237:4:tx 4: 16
> 1484411516851126:4:tx 4: 17
> 1484411522246211:4:tx 4: 18
> 1484411524426107:4:tx 4: 19
> 1484411528858049:4:tx 4: 20
> 1484411531288374:4:tx 4: 21
> 1484411538129165:4:tx 4: 22
> 1484411540059716:4:tx 4: 23
> 1484411546535177:4:tx 4: 24
> 1484411549266147:4:tx 4: 25
> 1484411551049207:4:tx 4: 26
> 1484411557830470:4:tx 4: 27
> 1484411560927367:4:tx 4: 28
> 1484411566197510:4:tx 4: 29
> 1484411567384328:4:tx 4: 30
> 1484411570436880:4:
> 1484411570436911:4:LINK STATS to 1: 15 15 0
> 1484411570553032:4: 30745 P 0.18 3 47926 15728402 6598 15693096 0 10866 3929086 3298 3921518 0
> 1484411570553134:4:tx 0 0 0 0 0 0 0 0 0 0 0 0 0 0 0 0 0 0 0 0 0 0 0 0 0 0 0 0 0 0 0 0 0 0 0 0 0 0 0 0 0 0 0 0 0 0 0 0 0 0 0 0 0 0 0 0 0 0 0 0 0 0 0 0 0 0 0 0 0 0 0 0 0 0 0 0 0 0 0 0 0 0 0 0 0 0 0 0 0 0 0 0 0 0 0 0 0 0 0 0 0 0 0 0 0 0 0 0 0 0 0 0 0 0 0 0 0 0 0 0 0 0 0 0 0 0 0 0 
> 1484411570578102:4:rx 0 0 0 0 0 0 0 0 0 0 0 0 0 0 0 0 0 0 0 0 0 0 0 0 0 0 0 0 0 0 0 0 0 0 0 0 0 0 0 0 0 0 0 0 0 0 0 0 0 0 0 0 0 0 0 0 0 0 0 0 0 0 0 0 0 0 0 0 0 0 0 0 0 0 0 0 0 0 0 0 0 0 0 0 0 0 0 0 0 0 0 0 0 0 0 0 0 0 0 0 0 0 0 0 0 0 0 0 0 0 0 0 0 0 0 0 0 0 0 0 0 0 0 0 0 0 0 0 
> 1484411572504355:4:tx 4: 31
> 1484411578524918:4:tx 4: 32
> 1484411578829979:4:tx 4: 33
> 1484411583516498:4:tx 4: 34
> 1484411589176509:4:tx 4: 35
> 1484411591509423:4:tx 4: 36
> 1484411598099381:4:tx 4: 37
> 1484411601243636:4:tx 4: 38
> 1484411602676744:4:tx 4: 39
> 1484411606732513:4:tx 4: 40
> 1484411611291333:4:tx 4: 41
> 1484411617959633:4:tx 4: 42
> 1484411622211355:4:tx 4: 43
> 1484411623521491:4:tx 4: 44
> 1484411629415009:4:tx 4: 45
> 1484411630435452:4:
> 1484411630435480:4:LINK STATS to 1: 15 15 0
> 1484411630545889:4: 38425 P 0.18 4 57426 19657038 9898 19615532 0 9500 3928636 3300 3922436 0
> 1484411630545944:4:tx 0 0 0 0 0 0 0 0 0 0 0 0 0 0 0 0 0 0 0 0 0 0 0 0 0 0 0 0 0 0 0 0 0 0 0 0 0 0 0 0 0 0 0 0 0 0 0 0 0 0 0 0 0 0 0 0 0 0 0 0 0 0 0 0 0 0 0 0 0 0 0 0 0 0 0 0 0 0 0 0 0 0 0 0 0 0 0 0 0 0 0 0 0 0 0 0 0 0 0 0 0 0 0 0 0 0 0 0 0 0 0 0 0 0 0 0 0 0 0 0 0 0 0 0 0 0 0 0 
> 1484411630570906:4:rx 0 0 0 0 0 0 0 0 0 0 0 0 0 0 0 0 0 0 0 0 0 0 0 0 0 0 0 0 0 0 0 0 0 0 0 0 0 0 0 0 0 0 0 0 0 0 0 0 0 0 0 0 0 0 0 0 0 0 0 0 0 0 0 0 0 0 0 0 0 0 0 0 0 0 0 0 0 0 0 0 0 0 0 0 0 0 0 0 0 0 0 0 0 0 0 0 0 0 0 0 0 0 0 0 0 0 0 0 0 0 0 0 0 0 0 0 0 0 0 0 0 0 0 0 0 0 0 0 
> 1484411634240644:4:tx 4: 46
> 1484411637523780:4:tx 4: 47
> 1484411641774438:4:tx 4: 48
> 1484411645020414:4:tx 4: 49
> 1484411648949087:4:tx 4: 50
> 1484411653248110:4:tx 4: 51
> 1484411655436632:4:tx 4: 52
> 1484411660982331:4:tx 4: 53
> 1484411664978581:4:tx 4: 54
> 1484411669902972:4:tx 4: 55
> 1484411671989590:4:tx 4: 56
> 1484411677913925:4:tx 4: 57
> 1484411681601176:4:tx 4: 58
> 1484411683847571:4:tx 4: 59
> 1484411686596449:4:--- Network status ---
> 1484411686596510:4:-- Server IPv6 addresses:
> 1484411686596557:4:-- fd00::212:4b00:0:fe04
> 1484411686596591:4:-- fe80::212:4b00:0:fe04
> 1484411686596637:4:-- Default route:
> 1484411686596664:4:-- None
> 1484411686596687:4:-- Routing entries (1 in total):
> 1484411686596736:4:-- fd00::212:4b00:0:fe01 via fd00::212:4b00:0:fe01 (lifetime: 0 seconds)
> 1484411686596846:4:----------------------
> 1484411688120485:4:tx 4: 60
> 1484411690430173:4:
> 1484411690430200:4:LINK STATS to 1: 15 15 0
> 1484411690546944:4: 46105 P 0.18 5 69426 23586174 13198 23535968 0 12000 3929136 3300 3920436 0
> 1484411690547050:4:tx 0 0 0 0 0 0 0 0 0 0 0 0 0 0 0 0 0 0 0 0 0 0 0 0 0 0 0 0 0 0 0 0 0 0 0 0 0 0 0 0 0 0 0 0 0 0 0 0 0 0 0 0 0 0 0 0 0 0 0 0 0 0 0 0 0 0 0 0 0 0 0 0 0 0 0 0 0 0 0 0 0 0 0 0 0 0 0 0 0 0 0 0 0 0 0 0 0 0 0 0 0 0 0 0 0 0 0 0 0 0 0 0 0 0 0 0 0 0 0 0 0 0 0 0 0 0 0 0 
> 1484411690571736:4:rx 0 0 0 0 0 0 0 0 0 0 0 0 0 0 0 0 0 0 0 0 0 0 0 0 0 0 0 0 0 0 0 0 0 0 0 0 0 0 0 0 0 0 0 0 0 0 0 0 0 0 0 0 0 0 0 0 0 0 0 0 0 0 0 0 0 0 0 0 0 0 0 0 0 0 0 0 0 0 0 0 0 0 0 0 0 0 0 0 0 0 0 0 0 0 0 0 0 0 0 0 0 0 0 0 0 0 0 0 0 0 0 0 0 0 0 0 0 0 0 0 0 0 0 0 0 0 0 0 
> 1484411692218051:4:tx 4: 61
> 1484411698182472:4:tx 4: 62
> 1484411702027303:4:tx 4: 63
> 1484411705690467:4:tx 4: 64
> 1484411707052131:4:tx 4: 65
> 1484411714009301:4:tx 4: 66
> 1484411715135115:4:tx 4: 67
> 1484411721414950:4:tx 4: 68
> 1484411724996396:4:tx 4: 69
> 1484411728980822:4:tx 4: 70
> 1484411732888767:4:tx 4: 71
> 1484411734688950:4:tx 4: 72
> 1484411738880489:4:tx 4: 73
> 1484411745768359:4:tx 4: 74
> 1484411747108787:4:tx 4: 75
> 1484411750423658:4:
> 1484411750423675:4:LINK STATS to 1: 15 15 0
> 1484411750540672:4: 53785 P 0.18 6 79634 27514868 16498 27457754 0 10208 3928694 3300 3921786 0
> 1484411750540782:4:tx 0 0 0 0 0 0 0 0 0 0 0 0 0 0 0 0 0 0 0 0 0 0 0 0 0 0 0 0 0 0 0 0 0 0 0 0 0 0 0 0 0 0 0 0 0 0 0 0 0 0 0 0 0 0 0 0 0 0 0 0 0 0 0 0 0 0 0 0 0 0 0 0 0 0 0 0 0 0 0 0 0 0 0 0 0 0 0 0 0 0 0 0 0 0 0 0 0 0 0 0 0 0 0 0 0 0 0 0 0 0 0 0 0 0 0 0 0 0 0 0 0 0 0 0 0 0 0 0 
> 1484411750564628:4:rx 0 0 0 0 0 0 0 0 0 0 0 0 0 0 0 0 0 0 0 0 0 0 0 0 0 0 0 0 0 0 0 0 0 0 0 0 0 0 0 0 0 0 0 0 0 0 0 0 0 0 0 0 0 0 0 0 0 0 0 0 0 0 0 0 0 0 0 0 0 0 0 0 0 0 0 0 0 0 0 0 0 0 0 0 0 0 0 0 0 0 0 0 0 0 0 0 0 0 0 0 0 0 0 0 0 0 0 0 0 0 0 0 0 0 0 0 0 0 0 0 0 0 0 0 0 0 0 0 
> 1484411751416241:4:tx 4: 76
> 1484411754936991:4:tx 4: 77
> 1484411761166455:4:tx 4: 78
> 1484411763053685:4:tx 4: 79
> 1484411768018678:4:tx 4: 80
> 1484411772690717:4:tx 4: 81
> 1484411775585265:4:tx 4: 82
> 1484411780307803:4:tx 4: 83
> 1484411782823353:4:tx 4: 84
> 1484411790119813:4:tx 4: 85
> 1484411794238608:4:tx 4: 86
> 1484411795168444:4:tx 4: 87
> 1484411800683733:4:tx 4: 88
> 1484411802871884:4:tx 4: 89
> 1484411808818283:4:tx 4: 90
> 1484411810422290:4:
> 1484411810422322:4:LINK STATS to 1: 15 15 0
> 1484411810536498:4: 61465 P 0.18 7 89318 31443706 19798 31380208 0 9684 3928838 3300 3922454 0
> 1484411810536582:4:tx 0 0 0 0 0 0 0 0 0 0 0 0 0 0 0 0 0 0 0 0 0 0 0 0 0 0 0 0 0 0 0 0 0 0 0 0 0 0 0 0 0 0 0 0 0 0 0 0 0 0 0 0 0 0 0 0 0 0 0 0 0 0 0 0 0 0 0 0 0 0 0 0 0 0 0 0 0 0 0 0 0 0 0 0 0 0 0 0 0 0 0 0 0 0 0 0 0 0 0 0 0 0 0 0 0 0 0 0 0 0 0 0 0 0 0 0 0 0 0 0 0 0 0 0 0 0 0 0 
> 1484411810560540:4:rx 0 0 0 0 0 0 0 0 0 0 0 0 0 0 0 0 0 0 0 0 0 0 0 0 0 0 0 0 0 0 0 0 0 0 0 0 0 0 0 0 0 0 0 0 0 0 0 0 0 0 0 0 0 0 0 0 0 0 0 0 0 0 0 0 0 0 0 0 0 0 0 0 0 0 0 0 0 0 0 0 0 0 0 0 0 0 0 0 0 0 0 0 0 0 0 0 0 0 0 0 0 0 0 0 0 0 0 0 0 0 0 0 0 0 0 0 0 0 0 0 0 0 0 0 0 0 0 0 
> 1484411811854538:4:tx 4: 91
> 1484411817669546:4:tx 4: 92
> 1484411820979808:4:tx 4: 93
> 1484411825327776:4:tx 4: 94
> 1484411827714805:4:tx 4: 95
> 1484411833589134:4:tx 4: 96
> 1484411834985859:4:tx 4: 97
> 1484411841840262:4:tx 4: 98
> 1484411845385776:4:tx 4: 99
> 1484411850438818:4:tx 4: 100
> 1484411854403924:4:tx 4: 101
> 1484411856195724:4:tx 4: 102
> 1484411858816789:4:tx 4: 103
> 1484411866459281:4:tx 4: 104
> 1484411868796929:4:tx 4: 105
> 1484411870415947:4:
> 1484411870415968:4:LINK STATS to 1: 15 15 0
> 1484411870532316:4: 69145 P 0.18 8 99626 35372574 23098 35302068 0 10308 3928868 3300 3921860 0
> 1484411870532448:4:tx 0 0 0 0 0 0 0 0 0 0 0 0 0 0 0 0 0 0 0 0 0 0 0 0 0 0 0 0 0 0 0 0 0 0 0 0 0 0 0 0 0 0 0 0 0 0 0 0 0 0 0 0 0 0 0 0 0 0 0 0 0 0 0 0 0 0 0 0 0 0 0 0 0 0 0 0 0 0 0 0 0 0 0 0 0 0 0 0 0 0 0 0 0 0 0 0 0 0 0 0 0 0 0 0 0 0 0 0 0 0 0 0 0 0 0 0 0 0 0 0 0 0 0 0 0 0 0 0 
> 1484411870557615:4:rx 0 0 0 0 0 0 0 0 0 0 0 0 0 0 0 0 0 0 0 0 0 0 0 0 0 0 0 0 0 0 0 0 0 0 0 0 0 0 0 0 0 0 0 0 0 0 0 0 0 0 0 0 0 0 0 0 0 0 0 0 0 0 0 0 0 0 0 0 0 0 0 0 0 0 0 0 0 0 0 0 0 0 0 0 0 0 0 0 0 0 0 0 0 0 0 0 0 0 0 0 0 0 0 0 0 0 0 0 0 0 0 0 0 0 0 0 0 0 0 0 0 0 0 0 0 0 0 0 
> 1484411873777814:4:tx 4: 106
> 1484411875329656:4:tx 4: 107
> 1484411881092091:4:tx 4: 108
> 1484411884093742:4:tx 4: 109
> 1484411887212068:4:tx 4: 110
> 1484411894116467:4:tx 4: 111
> 1484411897687655:4:tx 4: 112
> 1484411899855857:4:tx 4: 113
> 1484411904106675:4:tx 4: 114
> 1484411910554070:4:tx 4: 115
> 1484411913198404:4:tx 4: 116
> 1484411915029916:4:tx 4: 117
> 1484411919692936:4:tx 4: 118
> 1484411924392588:4:tx 4: 119
> 1484411926580402:4:--- Network status ---
> 1484411926580446:4:-- Server IPv6 addresses:
> 1484411926580469:4:-- fd00::212:4b00:0:fe04
> 1484411926580483:4:-- fe80::212:4b00:0:fe04
> 1484411926580500:4:-- Default route:
> 1484411926580512:4:-- None
> 1484411926580525:4:-- Routing entries (1 in total):
> 1484411926580553:4:-- fd00::212:4b00:0:fe01 via fd00::212:4b00:0:fe01 (lifetime: 0 seconds)
> 1484411926580618:4:----------------------
> 1484411929979588:4:tx 4: 120
> 1484411930410827:4:
> 1484411930410850:4:LINK STATS to 1: 15 15 0
> 1484411930527212:4: 76825 P 0.18 9 112292 39301350 26398 39221478 0 12666 3928776 3300 3919410 0
> 1484411930527338:4:tx 0 0 0 0 0 0 0 0 0 0 0 0 0 0 0 0 0 0 0 0 0 0 0 0 0 0 0 0 0 0 0 0 0 0 0 0 0 0 0 0 0 0 0 0 0 0 0 0 0 0 0 0 0 0 0 0 0 0 0 0 0 0 0 0 0 0 0 0 0 0 0 0 0 0 0 0 0 0 0 0 0 0 0 0 0 0 0 0 0 0 0 0 0 0 0 0 0 0 0 0 0 0 0 0 0 0 0 0 0 0 0 0 0 0 0 0 0 0 0 0 0 0 0 0 0 0 0 0 
> 1484411930552448:4:rx 0 0 0 0 0 0 0 0 0 0 0 0 0 0 0 0 0 0 0 0 0 0 0 0 0 0 0 0 0 0 0 0 0 0 0 0 0 0 0 0 0 0 0 0 0 0 0 0 0 0 0 0 0 0 0 0 0 0 0 0 0 0 0 0 0 0 0 0 0 0 0 0 0 0 0 0 0 0 0 0 0 0 0 0 0 0 0 0 0 0 0 0 0 0 0 0 0 0 0 0 0 0 0 0 0 0 0 0 0 0 0 0 0 0 0 0 0 0 0 0 0 0 0 0 0 0 0 0 
> 1484411931550316:4:tx 4: 121
> 1484411937628622:4:tx 4: 122
> 1484411941965671:4:tx 4: 123
> 1484411943526219:4:tx 4: 124
> 1484411947139743:4:tx 4: 125
> 1484411954489211:4:tx 4: 126
> 1484411956742763:4:tx 4: 127
> 1484411959675237:4:tx 4: 128
> 1484411963601720:4:tx 4: 129
> 1484411968671322:4:tx 4: 130
> 1484411973641094:4:tx 4: 131
