connecting to /dev/ttyUSB4 (115200) [OK]
> 1484411398304258:5: 7705 P 0.18 0 20782 3938786 0 3924016 0 20782 3938786 0 3924016 0
> 1484411398304359:5:tx 0 0 0 0 0 0 0 0 0 0 0 0 0 0 0 0 0 0 0 0 0 0 0 0 0 0 0 0 0 0 0 0 0 0 0 0 0 0 0 0 0 0 0 0 0 0 0 0 0 0 0 0 0 0 0 0 0 0 0 0 0 0 0 0 0 0 0 0 0 0 0 0 0 0 0 0 0 0 0 0 0 0 0 0 0 0 0 0 0 0 0 0 0 0 0 0 0 0 0 0 0 0 0 0 0 0 0 0 0 0 0 0 0 0 0 0 0 0 0 0 0 0 0 0 0 0 0 0 
> 1484411398329261:5:rx 0 0 0 0 0 0 0 0 0 0 0 0 0 0 0 0 0 0 0 0 0 0 0 0 0 0 0 0 0 0 0 0 0 0 0 0 0 0 0 0 0 0 0 0 0 0 0 0 0 0 0 0 0 0 0 0 0 0 0 0 0 0 0 0 0 0 0 0 0 0 0 0 0 0 0 0 0 0 0 0 0 0 0 0 0 0 0 0 0 0 0 0 0 0 0 0 0 0 0 0 0 0 0 0 0 0 0 0 0 0 0 0 0 0 0 0 0 0 0 0 0 0 0 0 0 0 0 0 
> 1484411458298056:5: 15385 P 0.18 1 27548 7870742 0 7849206 0 6766 3931956 0 3925190 0
> 1484411458298160:5:tx 0 0 0 0 0 0 0 0 0 0 0 0 0 0 0 0 0 0 0 0 0 0 0 0 0 0 0 0 0 0 0 0 0 0 0 0 0 0 0 0 0 0 0 0 0 0 0 0 0 0 0 0 0 0 0 0 0 0 0 0 0 0 0 0 0 0 0 0 0 0 0 0 0 0 0 0 0 0 0 0 0 0 0 0 0 0 0 0 0 0 0 0 0 0 0 0 0 0 0 0 0 0 0 0 0 0 0 0 0 0 0 0 0 0 0 0 0 0 0 0 0 0 0 0 0 0 0 0 
> 1484411458323216:5:rx 0 0 0 0 0 0 0 0 0 0 0 0 0 0 0 0 0 0 0 0 0 0 0 0 0 0 0 0 0 0 0 0 0 0 0 0 0 0 0 0 0 0 0 0 0 0 0 0 0 0 0 0 0 0 0 0 0 0 0 0 0 0 0 0 0 0 0 0 0 0 0 0 0 0 0 0 0 0 0 0 0 0 0 0 0 0 0 0 0 0 0 0 0 0 0 0 0 0 0 0 0 0 0 0 0 0 0 0 0 0 0 0 0 0 0 0 0 0 0 0 0 0 0 0 0 0 0 0 
> 1484411461477878:5:tx 5: 1
> 1484411462630393:5:tx 5: 2
> 1484411469059644:5:tx 5: 3
> 1484411472756096:5:tx 5: 4
> 1484411475689393:5:tx 5: 5
> 1484411481798411:5:tx 5: 6
> 1484411483589349:5:tx 5: 7
> 1484411487573976:5:tx 5: 8
> 1484411491669953:5:tx 5: 9
> 1484411497890873:5:tx 5: 10
> 1484411498494497:5:tx 5: 11
> 1484411502840597:5:tx 5: 12
> 1484411506908177:5:tx 5: 13
> 1484411512944978:5:tx 5: 14
> 1484411517974054:5:tx 5: 15
> 1484411518174599:5:
> 1484411518174629:5:LINK STATS to 1: 15 15 0
> 1484411518291000:5: 23065 P 0.18 2 37032 11799332 3302 11771614 0 9484 3928590 3302 3922408 0
> 1484411518291116:5:tx 0 0 0 0 0 0 0 0 0 0 0 0 0 0 0 0 0 0 0 0 0 0 0 0 0 0 0 0 0 0 0 0 0 0 0 0 0 0 0 0 0 0 0 0 0 0 0 0 0 0 0 0 0 0 0 0 0 0 0 0 0 0 0 0 0 0 0 0 0 0 0 0 0 0 0 0 0 0 0 0 0 0 0 0 0 0 0 0 0 0 0 0 0 0 0 0 0 0 0 0 0 0 0 0 0 0 0 0 0 0 0 0 0 0 0 0 0 0 0 0 0 0 0 0 0 0 0 0 
> 1484411518316254:5:rx 0 0 0 0 0 0 0 0 0 0 0 0 0 0 0 0 0 0 0 0 0 0 0 0 0 0 0 0 0 0 0 0 0 0 0 0 0 0 0 0 0 0 0 0 0 0 0 0 0 0 0 0 0 0 0 0 0 0 0 0 0 0 0 0 0 0 0 0 0 0 0 0 0 0 0 0 0 0 0 0 0 0 0 0 0 0 0 0 0 0 0 0 0 0 0 0 0 0 0 0 0 0 0 0 0 0 0 0 0 0 0 0 0 0 0 0 0 0 0 0 0 0 0 0 0 0 0 0 
> 1484411522186469:5:tx 5: 16
> 1484411525056678:5:tx 5: 17
> 1484411527893969:5:tx 5: 18
> 1484411530767184:5:tx 5: 19
> 1484411535740344:5:tx 5: 20
> 1484411540862139:5:tx 5: 21
> 1484411545059211:5:tx 5: 22
> 1484411548458135:5:tx 5: 23
> 1484411551640692:5:tx 5: 24
> 1484411557540859:5:tx 5: 25
> 1484411560859563:5:tx 5: 26
> 1484411566300736:5:tx 5: 27
> 1484411570270898:5:tx 5: 28
> 1484411571889374:5:tx 5: 29
> 1484411576039335:5:tx 5: 30
> 1484411578172176:5:
> 1484411578172192:5:LINK STATS to 1: 15 15 0
> 1484411578288791:5: 30745 P 0.18 3 46572 15728238 6600 15694278 0 9540 3928906 3298 3922664 0
> 1484411578288946:5:tx 0 0 0 0 0 0 0 0 0 0 0 0 0 0 0 0 0 0 0 0 0 0 0 0 0 0 0 0 0 0 0 0 0 0 0 0 0 0 0 0 0 0 0 0 0 0 0 0 0 0 0 0 0 0 0 0 0 0 0 0 0 0 0 0 0 0 0 0 0 0 0 0 0 0 0 0 0 0 0 0 0 0 0 0 0 0 0 0 0 0 0 0 0 0 0 0 0 0 0 0 0 0 0 0 0 0 0 0 0 0 0 0 0 0 0 0 0 0 0 0 0 0 0 0 0 0 0 0 
> 1484411578312950:5:rx 0 0 0 0 0 0 0 0 0 0 0 0 0 0 0 0 0 0 0 0 0 0 0 0 0 0 0 0 0 0 0 0 0 0 0 0 0 0 0 0 0 0 0 0 0 0 0 0 0 0 0 0 0 0 0 0 0 0 0 0 0 0 0 0 0 0 0 0 0 0 0 0 0 0 0 0 0 0 0 0 0 0 0 0 0 0 0 0 0 0 0 0 0 0 0 0 0 0 0 0 0 0 0 0 0 0 0 0 0 0 0 0 0 0 0 0 0 0 0 0 0 0 0 0 0 0 0 0 
> 1484411579382233:5:tx 5: 31
> 1484411583820705:5:tx 5: 32
> 1484411589845985:5:tx 5: 33
> 1484411592646481:5:tx 5: 34
> 1484411597788990:5:tx 5: 35
> 1484411598831323:5:tx 5: 36
> 1484411604374995:5:tx 5: 37
> 1484411607347633:5:tx 5: 38
> 1484411612765313:5:tx 5: 39
> 1484411614714743:5:tx 5: 40
> 1484411620932262:5:tx 5: 41
> 1484411624903144:5:tx 5: 42
> 1484411629498470:5:tx 5: 43
> 1484411632144442:5:tx 5: 44
> 1484411638174086:5:
> 1484411638174099:5:LINK STATS to 1: 14 14 0
> 1484411638197941:5:tx 5: 45
> 1484411638284693:5: 38425 P 0.18 4 57248 19657046 9904 19615714 0 10676 3928808 3304 3921436 0
> 1484411638284747:5:tx 0 0 0 0 0 0 0 0 0 0 0 0 0 0 0 0 0 0 0 0 0 0 0 0 0 0 0 0 0 0 0 0 0 0 0 0 0 0 0 0 0 0 0 0 0 0 0 0 0 0 0 0 0 0 0 0 0 0 0 0 0 0 0 0 0 0 0 0 0 0 0 0 0 0 0 0 0 0 0 0 0 0 0 0 0 0 0 0 0 0 0 0 0 0 0 0 0 0 0 0 0 0 0 0 0 0 0 0 0 0 0 0 0 0 0 0 0 0 0 0 0 0 0 0 0 0 0 0 
> 1484411638309676:5:rx 0 0 0 0 0 0 0 0 0 0 0 0 0 0 0 0 0 0 0 0 0 0 0 0 0 0 0 0 0 0 0 0 0 0 0 0 0 0 0 0 0 0 0 0 0 0 0 0 0 0 0 0 0 0 0 0 0 0 0 0 0 0 0 0 0 0 0 0 0 0 0 0 0 0 0 0 0 0 0 0 0 0 0 0 0 0 0 0 0 0 0 0 0 0 0 0 0 0 0 0 0 0 0 0 0 0 0 0 0 0 0 0 0 0 0 0 0 0 0 0 0 0 0 0 0 0 0 0 
> 1484411642006415:5:tx 5: 46
> 1484411645812585:5:tx 5: 47
> 1484411646947750:5:tx 5: 48
> 1484411652320484:5:tx 5: 49
> 1484411654425615:5:tx 5: 50
> 1484411658924275:5:tx 5: 51
> 1484411666247000:5:tx 5: 52
> 1484411667257803:5:tx 5: 53
> 1484411671672027:5:tx 5: 54
> 1484411676582414:5:tx 5: 55
> 1484411678626147:5:tx 5: 56
> 1484411684244331:5:tx 5: 57
> 1484411686899231:5:tx 5: 58
> 1484411691220476:5:tx 5: 59
> 1484411694339397:5:--- Network status ---
> 1484411694339445:5:-- Server IPv6 addresses:
> 1484411694339478:5:-- fd00::212:4b00:0:fe05
> 1484411694339500:5:-- fe80::212:4b00:0:fe05
> 1484411694339528:5:-- Default route:
> 1484411694339545:5:-- None
> 1484411694339558:5:-- Routing entries (1 in total):
> 1484411694339598:5:-- fd00::212:4b00:0:fe01 via fd00::212:4b00:0:fe01 (lifetime: 0 seconds)
> 1484411694339689:5:----------------------
> 1484411695503245:5:tx 5: 60
> 1484411698166010:5:
> 1484411698166050:5:LINK STATS to 1: 16 16 0
> 1484411698282739:5: 46105 P 0.18 5 68282 23585964 13208 23536902 0 11034 3928918 3304 3921188 0
> 1484411698282846:5:tx 0 0 0 0 0 0 0 0 0 0 0 0 0 0 0 0 0 0 0 0 0 0 0 0 0 0 0 0 0 0 0 0 0 0 0 0 0 0 0 0 0 0 0 0 0 0 0 0 0 0 0 0 0 0 0 0 0 0 0 0 0 0 0 0 0 0 0 0 0 0 0 0 0 0 0 0 0 0 0 0 0 0 0 0 0 0 0 0 0 0 0 0 0 0 0 0 0 0 0 0 0 0 0 0 0 0 0 0 0 0 0 0 0 0 0 0 0 0 0 0 0 0 0 0 0 0 0 0 
> 1484411698306953:5:rx 0 0 0 0 0 0 0 0 0 0 0 0 0 0 0 0 0 0 0 0 0 0 0 0 0 0 0 0 0 0 0 0 0 0 0 0 0 0 0 0 0 0 0 0 0 0 0 0 0 0 0 0 0 0 0 0 0 0 0 0 0 0 0 0 0 0 0 0 0 0 0 0 0 0 0 0 0 0 0 0 0 0 0 0 0 0 0 0 0 0 0 0 0 0 0 0 0 0 0 0 0 0 0 0 0 0 0 0 0 0 0 0 0 0 0 0 0 0 0 0 0 0 0 0 0 0 0 0 
> 1484411702181399:5:tx 5: 61
> 1484411703395304:5:tx 5: 62
> 1484411707772055:5:tx 5: 63
> 1484411710676568:5:tx 5: 64
> 1484411717824960:5:tx 5: 65
> 1484411721617625:5:tx 5: 66
> 1484411725548451:5:tx 5: 67
> 1484411728545762:5:tx 5: 68
> 1484411730463237:5:tx 5: 69
> 1484411735686709:5:tx 5: 70
> 1484411741855673:5:tx 5: 71
> 1484411744623778:5:tx 5: 72
> 1484411746594230:5:tx 5: 73
> 1484411751215640:5:tx 5: 74
> 1484411758107355:5:tx 5: 75
> 1484411758161594:5:
> 1484411758161612:5:LINK STATS to 1: 15 15 0
> 1484411758277550:5: 53785 P 0.18 6 77810 27514762 16508 27459472 0 9528 3928798 3300 3922570 0
> 1484411758277603:5:tx 0 0 0 0 0 0 0 0 0 0 0 0 0 0 0 0 0 0 0 0 0 0 0 0 0 0 0 0 0 0 0 0 0 0 0 0 0 0 0 0 0 0 0 0 0 0 0 0 0 0 0 0 0 0 0 0 0 0 0 0 0 0 0 0 0 0 0 0 0 0 0 0 0 0 0 0 0 0 0 0 0 0 0 0 0 0 0 0 0 0 0 0 0 0 0 0 0 0 0 0 0 0 0 0 0 0 0 0 0 0 0 0 0 0 0 0 0 0 0 0 0 0 0 0 0 0 0 0 
> 1484411758302554:5:rx 0 0 0 0 0 0 0 0 0 0 0 0 0 0 0 0 0 0 0 0 0 0 0 0 0 0 0 0 0 0 0 0 0 0 0 0 0 0 0 0 0 0 0 0 0 0 0 0 0 0 0 0 0 0 0 0 0 0 0 0 0 0 0 0 0 0 0 0 0 0 0 0 0 0 0 0 0 0 0 0 0 0 0 0 0 0 0 0 0 0 0 0 0 0 0 0 0 0 0 0 0 0 0 0 0 0 0 0 0 0 0 0 0 0 0 0 0 0 0 0 0 0 0 0 0 0 0 0 
> 1484411761661003:5:tx 5: 76
> 1484411765162060:5:tx 5: 77
> 1484411769520198:5:tx 5: 78
> 1484411772711781:5:tx 5: 79
> 1484411777241332:5:tx 5: 80
> 1484411781756618:5:tx 5: 81
> 1484411784511039:5:tx 5: 82
> 1484411788710733:5:tx 5: 83
> 1484411791985143:5:tx 5: 84
> 1484411797862327:5:tx 5: 85
> 1484411801431484:5:tx 5: 86
> 1484411805855497:5:tx 5: 87
> 1484411809336699:5:tx 5: 88
> 1484411812047588:5:tx 5: 89
> 1484411814525153:5:tx 5: 90
> 1484411818161011:5:
> 1484411818161053:5:LINK STATS to 1: 15 15 0
> 1484411818277598:5: 61465 P 0.18 7 88348 31443780 19808 31381252 0 10538 3929018 3300 3921780 0
> 1484411818277765:5:tx 0 0 0 0 0 0 0 0 0 0 0 0 0 0 0 0 0 0 0 0 0 0 0 0 0 0 0 0 0 0 0 0 0 0 0 0 0 0 0 0 0 0 0 0 0 0 0 0 0 0 0 0 0 0 0 0 0 0 0 0 0 0 0 0 0 0 0 0 0 0 0 0 0 0 0 0 0 0 0 0 0 0 0 0 0 0 0 0 0 0 0 0 0 0 0 0 0 0 0 0 0 0 0 0 0 0 0 0 0 0 0 0 0 0 0 0 0 0 0 0 0 0 0 0 0 0 0 0 
> 1484411818302618:5:rx 0 0 0 0 0 0 0 0 0 0 0 0 0 0 0 0 0 0 0 0 0 0 0 0 0 0 0 0 0 0 0 0 0 0 0 0 0 0 0 0 0 0 0 0 0 0 0 0 0 0 0 0 0 0 0 0 0 0 0 0 0 0 0 0 0 0 0 0 0 0 0 0 0 0 0 0 0 0 0 0 0 0 0 0 0 0 0 0 0 0 0 0 0 0 0 0 0 0 0 0 0 0 0 0 0 0 0 0 0 0 0 0 0 0 0 0 0 0 0 0 0 0 0 0 0 0 0 0 
> 1484411821501697:5:tx 5: 91
> 1484411822916062:5:tx 5: 92
> 1484411826677868:5:tx 5: 93
> 1484411832298184:5:tx 5: 94
> 1484411836226013:5:tx 5: 95
> 1484411838852106:5:tx 5: 96
> 1484411844119886:5:tx 5: 97
> 1484411847751177:5:tx 5: 98
> 1484411853066300:5:tx 5: 99
> 1484411858147244:5:tx 5: 100
> 1484411859470966:5:tx 5: 101
> 1484411863468701:5:tx 5: 102
> 1484411869133680:5:tx 5: 103
> 1484411872350501:5:tx 5: 104
> 1484411876272933:5:tx 5: 105
> 1484411878158662:5:
> 1484411878158708:5:LINK STATS to 1: 15 15 0
> 1484411878275455:5: 69145 P 0.18 8 99100 35372708 23108 35302728 0 10752 3928928 3300 3921476 0
> 1484411878275586:5:tx 0 0 0 0 0 0 0 0 0 0 0 0 0 0 0 0 0 0 0 0 0 0 0 0 0 0 0 0 0 0 0 0 0 0 0 0 0 0 0 0 0 0 0 0 0 0 0 0 0 0 0 0 0 0 0 0 0 0 0 0 0 0 0 0 0 0 0 0 0 0 0 0 0 0 0 0 0 0 0 0 0 0 0 0 0 0 0 0 0 0 0 0 0 0 0 0 0 0 0 0 0 0 0 0 0 0 0 0 0 0 0 0 0 0 0 0 0 0 0 0 0 0 0 0 0 0 0 0 
> 1484411878299710:5:rx 0 0 0 0 0 0 0 0 0 0 0 0 0 0 0 0 0 0 0 0 0 0 0 0 0 0 0 0 0 0 0 0 0 0 0 0 0 0 0 0 0 0 0 0 0 0 0 0 0 0 0 0 0 0 0 0 0 0 0 0 0 0 0 0 0 0 0 0 0 0 0 0 0 0 0 0 0 0 0 0 0 0 0 0 0 0 0 0 0 0 0 0 0 0 0 0 0 0 0 0 0 0 0 0 0 0 0 0 0 0 0 0 0 0 0 0 0 0 0 0 0 0 0 0 0 0 0 0 
> 1484411879425378:5:tx 5: 106
> 1484411884064928:5:tx 5: 107
> 1484411888694617:5:tx 5: 108
> 1484411891284639:5:tx 5: 109
> 1484411896337936:5:tx 5: 110
> 1484411900246065:5:tx 5: 111
> 1484411906034495:5:tx 5: 112
> 1484411909799485:5:tx 5: 113
> 1484411911426884:5:tx 5: 114
> 1484411916673586:5:tx 5: 115
> 1484411919754303:5:tx 5: 116
> 1484411925717360:5:tx 5: 117
> 1484411928442597:5:tx 5: 118
> 1484411933775268:5:tx 5: 119
> 1484411934320955:5:--- Network status ---
> 1484411934321025:5:-- Server IPv6 addresses:
> 1484411934321036:5:-- fd00::212:4b00:0:fe05
> 1484411934321044:5:-- fe80::212:4b00:0:fe05
> 1484411934321056:5:-- Default route:
> 1484411934321064:5:-- None
> 1484411934321099:5:-- Routing entries (1 in total):
> 1484411934321146:5:-- fd00::212:4b00:0:fe01 via fd00::212:4b00:0:fe01 (lifetime: 0 seconds)
> 1484411934321216:5:----------------------
> 1484411936372669:5:tx 5: 120
> 1484411938152465:5:
> 1484411938152488:5:LINK STATS to 1: 15 15 0
> 1484411938269279:5: 76825 P 0.18 9 110334 39301380 26408 39223466 0 11234 3928672 3300 3920738 0
> 1484411938269369:5:tx 0 0 0 0 0 0 0 0 0 0 0 0 0 0 0 0 0 0 0 0 0 0 0 0 0 0 0 0 0 0 0 0 0 0 0 0 0 0 0 0 0 0 0 0 0 0 0 0 0 0 0 0 0 0 0 0 0 0 0 0 0 0 0 0 0 0 0 0 0 0 0 0 0 0 0 0 0 0 0 0 0 0 0 0 0 0 0 0 0 0 0 0 0 0 0 0 0 0 0 0 0 0 0 0 0 0 0 0 0 0 0 0 0 0 0 0 0 0 0 0 0 0 0 0 0 0 0 0 
> 1484411938294331:5:rx 0 0 0 0 0 0 0 0 0 0 0 0 0 0 0 0 0 0 0 0 0 0 0 0 0 0 0 0 0 0 0 0 0 0 0 0 0 0 0 0 0 0 0 0 0 0 0 0 0 0 0 0 0 0 0 0 0 0 0 0 0 0 0 0 0 0 0 0 0 0 0 0 0 0 0 0 0 0 0 0 0 0 0 0 0 0 0 0 0 0 0 0 0 0 0 0 0 0 0 0 0 0 0 0 0 0 0 0 0 0 0 0 0 0 0 0 0 0 0 0 0 0 0 0 0 0 0 0 
> 1484411938478454:5:tx 5: 121
> 1484411942612010:5:tx 5: 122
> 1484411949036331:5:tx 5: 123
> 1484411951782330:5:tx 5: 124
> 1484411956158796:5:tx 5: 125
> 1484411958634709:5:tx 5: 126
> 1484411963393075:5:tx 5: 127
> 1484411969387788:5:tx 5: 128
> 1484411972743600:5:tx 5: 129
