connecting to /dev/ttyUSB2 (115200) [OK]
> 1484410197736590:3: 15386 P 0.18 1 292680 96232 0 227428 7357296 138716 43858 0 113872 3679572
> 1484410197736771:3:tx 0 0 0 0 0 0 0 0 0 0 0 0 0 0 0 0 0 0 0 0 0 0 0 0 0 0 0 0 0 0 0 0 0 0 0 0 0 0 0 0 0 0 0 0 0 0 0 0 0 0 0 0 0 0 0 0 0 0 0 0 0 0 0 0 0 0 0 0 0 0 0 0 0 0 0 0 0 0 0 0 0 0 0 0 0 0 0 0 0 0 0 0 0 0 0 0 0 0 0 0 0 0 0 0 0 0 0 0 0 0 0 0 0 0 0 0 0 0 0 0 0 0 0 0 0 0 0 0 
> 1484410197767633:3:rx 0 0 0 0 0 0 0 0 0 0 0 0 0 0 0 0 0 0 0 0 0 0 0 0 0 0 0 0 0 0 0 0 0 0 0 0 0 0 0 0 0 0 0 0 0 0 0 0 0 0 0 0 0 0 0 0 0 0 0 0 0 0 0 0 0 0 0 0 0 0 0 0 0 0 0 0 0 0 0 0 0 0 0 0 0 0 0 0 0 0 0 0 0 0 0 0 0 0 0 0 0 0 0 0 0 0 0 0 0 0 0 0 0 0 0 0 0 0 0 0 0 0 0 0 0 0 0 0 
> 1484410198900225:3:tx 3: 1
> 1484410203032595:3:tx 3: 2
> 1484410209665098:3:tx 3: 3
> 1484410212102772:3:tx 3: 4
> 1484410216852068:3:tx 3: 5
> 1484410220922405:3:tx 3: 6
> 1484410225195278:3:tx 3: 7
> 1484410226101989:3:tx 3: 8
> 1484410233679294:3:tx 3: 9
> 1484410235382433:3:tx 3: 10
> 1484410240108894:3:tx 3: 11
> 1484410242522375:3:tx 3: 12
> 1484410248537850:3:tx 3: 13
> 1484410251498382:3:tx 3: 14
> 1484410256842195:3:tx 3: 15
> 1484410257624234:3:
> 1484410257624264:3:LINK STATS to 1: 28 13 0
> 1484410257731081:3: 23066 P 0.18 2 485276 159848 50202 401502 10922682 192596 63616 50202 174074 3565386
> 1484410257731185:3:tx 0 0 0 0 0 0 0 0 0 0 0 0 0 0 0 0 0 0 0 0 0 0 0 0 0 0 0 0 0 0 0 0 0 0 0 0 0 0 0 0 0 0 0 0 0 0 0 0 0 0 0 0 0 0 0 0 0 0 0 0 0 0 0 0 0 0 0 0 0 0 0 0 0 0 0 0 0 0 0 0 0 0 0 0 0 0 0 0 0 0 0 0 0 0 0 0 0 0 0 0 0 0 0 0 0 0 0 0 0 0 0 0 0 0 0 0 0 0 0 0 0 0 0 0 0 0 0 0 
> 1484410257763082:3:rx 0 0 0 0 0 0 0 0 0 0 0 0 0 0 0 0 0 0 0 0 0 0 0 0 0 0 0 0 0 0 0 0 0 0 0 0 0 0 0 0 0 0 0 0 0 0 0 0 0 0 0 0 0 0 0 0 0 0 0 0 0 0 0 0 0 0 0 0 0 0 0 0 0 0 0 0 0 0 0 0 0 0 0 0 0 0 0 0 0 0 0 0 0 0 0 0 0 0 0 0 0 0 0 0 0 0 0 0 0 0 0 0 0 0 0 0 0 0 0 0 0 0 0 0 0 0 0 0 
> 1484410260497773:3:tx 3: 16
> 1484410265403842:3:tx 3: 17
> 1484410268638093:3:tx 3: 18
> 1484410273121857:3:tx 3: 19
> 1484410275934683:3:tx 3: 20
> 1484410281645115:3:tx 3: 21
> 1484410285692176:3:tx 3: 22
> 1484410286809192:3:tx 3: 23
> 1484410292433693:3:tx 3: 24
> 1484410295277219:3:tx 3: 25
> 1484410300316137:3:tx 3: 26
> 1484410305558091:3:tx 3: 27
> 1484410308869894:3:tx 3: 28
> 1484410311010658:3:tx 3: 29
> 1484410314080991:3:tx 3: 30
> 1484410317620907:3:
> 1484410317620933:3:LINK STATS to 1: 38 14 0
> 1484410317723025:3: 30746 P 0.18 3 679294 226108 112266 583930 14478098 194018 66260 62064 182428 3555416
> 1484410317723141:3:tx 0 0 0 0 0 0 0 0 0 0 0 0 0 0 0 0 0 0 0 0 0 0 0 0 0 0 0 0 0 0 0 0 0 0 0 0 0 0 0 0 0 0 0 0 0 0 0 0 0 0 0 0 0 0 0 0 0 0 0 0 0 0 0 0 0 0 0 0 0 0 0 0 0 0 0 0 0 0 0 0 0 0 0 0 0 0 0 0 0 0 0 0 0 0 0 0 0 0 0 0 0 0 0 0 0 0 0 0 0 0 0 0 0 0 0 0 0 0 0 0 0 0 0 0 0 0 0 0 
> 1484410317759953:3:rx 0 0 0 0 0 0 0 0 0 0 0 0 0 0 0 0 0 0 0 0 0 0 0 0 0 0 0 0 0 0 0 0 0 0 0 0 0 0 0 0 0 0 0 0 0 0 0 0 0 0 0 0 0 0 0 0 0 0 0 0 0 0 0 0 0 0 0 0 0 0 0 0 0 0 0 0 0 0 0 0 0 0 0 0 0 0 0 0 0 0 0 0 0 0 0 0 0 0 0 0 0 0 0 0 0 0 0 0 0 0 0 0 0 0 0 0 0 0 0 0 0 0 0 0 0 0 0 0 
> 1484410320002053:3:tx 3: 31
> 1484410323424024:3:tx 3: 32
> 1484410327588049:3:tx 3: 33
> 1484410331900052:3:tx 3: 34
> 1484410335462604:3:tx 3: 35
> 1484410339415135:3:tx 3: 36
> 1484410342821278:3:tx 3: 37
> 1484410349047711:3:tx 3: 38
> 1484410352617284:3:tx 3: 39
> 1484410357726852:3:tx 3: 40
> 1484410359523278:3:tx 3: 41
> 1484410364695058:3:tx 3: 42
> 1484410367851145:3:tx 3: 43
> 1484410373421036:3:tx 3: 44
> 1484410376905164:3:tx 3: 45
> 1484410377617410:3:
> 1484410377617439:3:LINK STATS to 1: 37 13 0
> 1484410377719785:3: 38426 P 0.18 4 887448 306412 257498 841592 17944442 208154 80304 145232 257662 3466344
> 1484410377719866:3:tx 0 0 0 0 0 0 0 0 0 0 0 0 0 0 0 0 0 0 0 0 0 0 0 0 0 0 0 0 0 0 0 0 0 0 0 0 0 0 0 0 0 0 0 0 0 0 0 0 0 0 0 0 0 0 0 0 0 0 0 0 0 0 0 0 0 0 0 0 0 0 0 0 0 0 0 0 0 0 0 0 0 0 0 0 0 0 0 0 0 0 0 0 0 0 0 0 0 0 0 0 0 0 0 0 0 0 0 0 0 0 0 0 0 0 0 0 0 0 0 0 0 0 0 0 0 0 0 0 
> 1484410377755719:3:rx 0 0 0 0 0 0 0 0 0 0 0 0 0 0 0 0 0 0 0 0 0 0 0 0 0 0 0 0 0 0 0 0 0 0 0 0 0 0 0 0 0 0 0 0 0 0 0 0 0 0 0 0 0 0 0 0 0 0 0 0 0 0 0 0 0 0 0 0 0 0 0 0 0 0 0 0 0 0 0 0 0 0 0 0 0 0 0 0 0 0 0 0 0 0 0 0 0 0 0 0 0 0 0 0 0 0 0 0 0 0 0 0 0 0 0 0 0 0 0 0 0 0 0 0 0 0 0 0 
> 1484410378686551:3:tx 3: 46
> 1484410382584571:3:tx 3: 47
> 1484410389537269:3:tx 3: 48
> 1484410392701044:3:tx 3: 49
> 1484410395091818:3:tx 3: 50
> 1484410401067736:3:tx 3: 51
> 1484410405575651:3:tx 3: 52
> 1484410408613964:3:tx 3: 53
> 1484410413582663:3:tx 3: 54
> 1484410415738713:3:tx 3: 55
> 1484410420136865:3:tx 3: 56
> 1484410423601912:3:tx 3: 57
> 1484410426691398:3:tx 3: 58
> 1484410430245556:3:tx 3: 59
> 1484410433782668:3:--- Network status ---
> 1484410433782699:3:-- Server IPv6 addresses:
> 1484410433782729:3:-- fd00::212:4b00:0:fe03
> 1484410433782737:3:-- fe80::212:4b00:0:fe03
> 1484410433782745:3:-- Default route:
> 1484410433782751:3:-- None
> 1484410433782755:3:-- Routing entries (1 in total):
> 1484410433782765:3:-- fd00::212:4b00:0:fe01 via fd00::212:4b00:0:fe01 (lifetime: 0 seconds)
> 1484410433782797:3:----------------------
> 1484410434956653:3:tx 3: 60
> 1484410437610056:3:
> 1484410437610093:3:LINK STATS to 1: 15 15 0
> 1484410437719690:3: 46106 P 0.18 5 1055772 479112 274906 1091946 21458134 168324 172700 17408 250354 3513692
> 1484410437719792:3:tx 0 0 0 0 0 0 0 0 0 0 0 0 0 0 0 0 0 0 0 0 0 0 0 0 0 0 0 0 0 0 0 0 0 0 0 0 0 0 0 0 0 0 0 0 0 0 0 0 0 0 0 0 0 0 0 0 0 0 0 0 0 0 0 0 0 0 0 0 0 0 0 0 0 0 0 0 0 0 0 0 0 0 0 0 0 0 0 0 0 0 0 0 0 0 0 0 0 0 0 0 0 0 0 0 0 0 0 0 0 0 0 0 0 0 0 0 0 0 0 0 0 0 0 0 0 0 0 0 
> 1484410437752781:3:rx 0 0 0 0 0 0 0 0 0 0 0 0 0 0 0 0 0 0 0 0 0 0 0 0 0 0 0 0 0 0 0 0 0 0 0 0 0 0 0 0 0 0 0 0 0 0 0 0 0 0 0 0 0 0 0 0 0 0 0 0 0 0 0 0 0 0 0 0 0 0 0 0 0 0 0 0 0 0 0 0 0 0 0 0 0 0 0 0 0 0 0 0 0 0 0 0 0 0 0 0 0 0 0 0 0 0 0 0 0 0 0 0 0 0 0 0 0 0 0 0 0 0 0 0 0 0 0 0 
> 1484410440643461:3:tx 3: 61
> 1484410444651063:3:tx 3: 62
> 1484410447322863:3:tx 3: 63
> 1484410451049411:3:tx 3: 64
> 1484410454072507:3:tx 3: 65
> 1484410458712745:3:tx 3: 66
> 1484410464407697:3:tx 3: 67
> 1484410466814035:3:tx 3: 68
> 1484410470944995:3:tx 3: 69
> 1484410475063565:3:tx 3: 70
> 1484410479320831:3:tx 3: 71
> 1484410484219259:3:tx 3: 72
> 1484410489195364:3:tx 3: 73
> 1484410491179571:3:tx 3: 74
> 1484410496320072:3:tx 3: 75
> 1484410497610157:3:
> 1484410497610187:3:LINK STATS to 1: 49 12 0
> 1484410497712300:3: 53786 P 0.18 6 1278486 765142 436590 1558688 24700628 222714 286030 161684 466742 3242494
> 1484410497712364:3:tx 0 0 0 0 0 0 0 0 0 0 0 0 0 0 0 0 0 0 0 0 0 0 0 0 0 0 0 0 0 0 0 0 0 0 0 0 0 0 0 0 0 0 0 0 0 0 0 0 0 0 0 0 0 0 0 0 0 0 0 0 0 0 0 0 0 0 0 0 0 0 0 0 0 0 0 0 0 0 0 0 0 0 0 0 0 0 0 0 0 0 0 0 0 0 0 0 0 0 0 0 0 0 0 0 0 0 0 0 0 0 0 0 0 0 0 0 0 0 0 0 0 0 0 0 0 0 0 0 
> 1484410497749172:3:rx 0 0 0 0 0 0 0 0 0 0 0 0 0 0 0 0 0 0 0 0 0 0 0 0 0 0 0 0 0 0 0 0 0 0 0 0 0 0 0 0 0 0 0 0 0 0 0 0 0 0 0 0 0 0 0 0 0 0 0 0 0 0 0 0 0 0 0 0 0 0 0 0 0 0 0 0 0 0 0 0 0 0 0 0 0 0 0 0 0 0 0 0 0 0 0 0 0 0 0 0 0 0 0 0 0 0 0 0 0 0 0 0 0 0 0 0 0 0 0 0 0 0 0 0 0 0 0 0 
> 1484410499608551:3:tx 3: 76
> 1484410505155257:3:tx 3: 77
> 1484410508834954:3:tx 3: 78
> 1484410513592541:3:tx 3: 79
> 1484410517521804:3:tx 3: 80
> 1484410519365053:3:tx 3: 81
> 1484410525654231:3:tx 3: 82
> 1484410529044676:3:tx 3: 83
> 1484410530911617:3:tx 3: 84
> 1484410536083303:3:tx 3: 85
> 1484410540559406:3:tx 3: 86
> 1484410543004545:3:tx 3: 87
> 1484410548379080:3:tx 3: 88
> 1484410551613153:3:tx 3: 89
> 1484410556112879:3:tx 3: 90
> 1484410557605108:3:
> 1484410557605130:3:LINK STATS to 1: 79 10 0
> 1484410557709131:3: 61466 P 0.18 7 1549894 863136 600602 1847736 28072332 271408 97994 164012 289048 3371704
> 1484410557709264:3:tx 0 0 0 0 0 0 0 0 0 0 0 0 0 0 0 0 0 0 0 0 0 0 0 0 0 0 0 0 0 0 0 0 0 0 0 0 0 0 0 0 0 0 0 0 0 0 0 0 0 0 0 0 0 0 0 0 0 0 0 0 0 0 0 0 0 0 0 0 0 0 0 0 0 0 0 0 0 0 0 0 0 0 0 0 0 0 0 0 0 0 0 0 0 0 0 0 0 0 0 0 0 0 0 0 0 0 0 0 0 0 0 0 0 0 0 0 0 0 0 0 0 0 0 0 0 0 0 0 
> 1484410557745242:3:rx 0 0 0 0 0 0 0 0 0 0 0 0 0 0 0 0 0 0 0 0 0 0 0 0 0 0 0 0 0 0 0 0 0 0 0 0 0 0 0 0 0 0 0 0 0 0 0 0 0 0 0 0 0 0 0 0 0 0 0 0 0 0 0 0 0 0 0 0 0 0 0 0 0 0 0 0 0 0 0 0 0 0 0 0 0 0 0 0 0 0 0 0 0 0 0 0 0 0 0 0 0 0 0 0 0 0 0 0 0 0 0 0 0 0 0 0 0 0 0 0 0 0 0 0 0 0 0 0 
> 1484410558667902:3:tx 3: 91
> 1484410565190634:3:tx 3: 92
> 1484410566528124:3:tx 3: 93
> 1484410572823377:3:tx 3: 94
> 1484410576853864:3:tx 3: 95
> 1484410580236572:3:tx 3: 96
> 1484410582728600:3:tx 3: 97
> 1484410588205138:3:tx 3: 98
> 1484410593298474:3:tx 3: 99
> 1484410597798218:3:tx 3: 100
> 1484410601555895:3:tx 3: 101
> 1484410605341000:3:tx 3: 102
> 1484410609313250:3:tx 3: 103
> 1484410613203440:3:tx 3: 104
> 1484410614484752:3:tx 3: 105
> 1484410617602686:3:
> 1484410617602715:3:LINK STATS to 1: 71 8 0
> 1484410617705811:3: 69146 P 0.18 8 1828460 1032496 1069862 2441978 31131684 278566 169360 469260 594242 3059352
> 1484410617705911:3:tx 0 0 0 0 0 0 0 0 0 0 0 0 0 0 0 0 0 0 0 0 0 0 0 0 0 0 0 0 0 0 0 0 0 0 0 0 0 0 0 0 0 0 0 0 0 0 0 0 0 0 0 0 0 0 0 0 0 0 0 0 0 0 0 0 0 0 0 0 0 0 0 0 0 0 0 0 0 0 0 0 0 0 0 0 0 0 0 0 0 0 0 0 0 0 0 0 0 0 0 0 0 0 0 0 0 0 0 0 0 0 0 0 0 0 0 0 0 0 0 0 0 0 0 0 0 0 0 0 
> 1484410617741945:3:rx 0 0 0 0 0 0 0 0 0 0 0 0 0 0 0 0 0 0 0 0 0 0 0 0 0 0 0 0 0 0 0 0 0 0 0 0 0 0 0 0 0 0 0 0 0 0 0 0 0 0 0 0 0 0 0 0 0 0 0 0 0 0 0 0 0 0 0 0 0 0 0 0 0 0 0 0 0 0 0 0 0 0 0 0 0 0 0 0 0 0 0 0 0 0 0 0 0 0 0 0 0 0 0 0 0 0 0 0 0 0 0 0 0 0 0 0 0 0 0 0 0 0 0 0 0 0 0 0 
> 1484410619257820:3:tx 3: 106
> 1484410625812246:3:tx 3: 107
> 1484410629952691:3:tx 3: 108
> 1484410632335548:3:tx 3: 109
> 1484410637839380:3:tx 3: 110
> 1484410638616074:3:tx 3: 111
> 1484410645561208:3:tx 3: 112
> 1484410648545215:3:tx 3: 113
> 1484410652912232:3:tx 3: 114
> 1484410655490036:3:tx 3: 115
> 1484410660646237:3:tx 3: 116
> 1484410665255148:3:tx 3: 117
> 1484410669145567:3:tx 3: 118
> 1484410673356357:3:tx 3: 119
> 1484410674211977:3:--- Network status ---
> 1484410674212034:3:-- Server IPv6 addresses:
> 1484410674212086:3:-- fd00::212:4b00:0:fe03
> 1484410674231031:3:-- fe80::212:4b00:0:fe03
> 1484410674231104:3:-- Default route:
> 1484410674231137:3:-- None
> 1484410674231160:3:-- Routing entries (1 in total):
> 1484410674231280:3:-- fd00::212:4b00:0:fe01 via fd00::212:4b00:0:fe01 (lifetime: 0 seconds)
> 1484410674231447:3:----------------------
> 1484410676238864:3:tx 3: 120
> 1484410677599411:3:
> 1484410677599451:3:LINK STATS to 1: 16 15 0
> 1484410677701726:3: 76826 P 0.18 9 1995986 1085592 1088372 2577560 34760736 167526 53096 18510 135582 3629052
> 1484410677701886:3:tx 0 0 0 0 0 0 0 0 0 0 0 0 0 0 0 0 0 0 0 0 0 0 0 0 0 0 0 0 0 0 0 0 0 0 0 0 0 0 0 0 0 0 0 0 0 0 0 0 0 0 0 0 0 0 0 0 0 0 0 0 0 0 0 0 0 0 0 0 0 0 0 0 0 0 0 0 0 0 0 0 0 0 0 0 0 0 0 0 0 0 0 0 0 0 0 0 0 0 0 0 0 0 0 0 0 0 0 0 0 0 0 0 0 0 0 0 0 0 0 0 0 0 0 0 0 0 0 0 
> 1484410677738675:3:rx 0 0 0 0 0 0 0 0 0 0 0 0 0 0 0 0 0 0 0 0 0 0 0 0 0 0 0 0 0 0 0 0 0 0 0 0 0 0 0 0 0 0 0 0 0 0 0 0 0 0 0 0 0 0 0 0 0 0 0 0 0 0 0 0 0 0 0 0 0 0 0 0 0 0 0 0 0 0 0 0 0 0 0 0 0 0 0 0 0 0 0 0 0 0 0 0 0 0 0 0 0 0 0 0 0 0 0 0 0 0 0 0 0 0 0 0 0 0 0 0 0 0 0 0 0 0 0 0 
> 1484410679301268:3:tx 3: 121
> 1484410685652204:3:tx 3: 122
> 1484410687808472:3:tx 3: 123
> 1484410691722045:3:tx 3: 124
> 1484410696104901:3:tx 3: 125
> 1484410700362326:3:tx 3: 126
> 1484410703096413:3:tx 3: 127
> 1484410707221032:3:tx 3: 128
> 1484410710584972:3:tx 3: 129
> 1484410715158456:3:tx 3: 130
> 1484410720290965:3:tx 3: 131
> 1484410722923753:3:tx 3: 132
> 1484410728594887:3:tx 3: 133
> 1484410731313847:3:tx 3: 134
> 1484410736618013:3:tx 3: 135
> 1484410737595937:3:
> 1484410737595983:3:LINK STATS to 1: 15 15 0
> 1484410737698475:3: 84506 P 0.18 10 2160562 1137714 1104888 2711068 38394812 164576 52122 16516 133508 3634076
> 1484410737698667:3:tx 0 0 0 0 0 0 0 0 0 0 0 0 0 0 0 0 0 0 0 0 0 0 0 0 0 0 0 0 0 0 0 0 0 0 0 0 0 0 0 0 0 0 0 0 0 0 0 0 0 0 0 0 0 0 0 0 0 0 0 0 0 0 0 0 0 0 0 0 0 0 0 0 0 0 0 0 0 0 0 0 0 0 0 0 0 0 0 0 0 0 0 0 0 0 0 0 0 0 0 0 0 0 0 0 0 0 0 0 0 0 0 0 0 0 0 0 0 0 0 0 0 0 0 0 0 0 0 0 
> 1484410737734427:3:rx 0 0 0 0 0 0 0 0 0 0 0 0 0 0 0 0 0 0 0 0 0 0 0 0 0 0 0 0 0 0 0 0 0 0 0 0 0 0 0 0 0 0 0 0 0 0 0 0 0 0 0 0 0 0 0 0 0 0 0 0 0 0 0 0 0 0 0 0 0 0 0 0 0 0 0 0 0 0 0 0 0 0 0 0 0 0 0 0 0 0 0 0 0 0 0 0 0 0 0 0 0 0 0 0 0 0 0 0 0 0 0 0 0 0 0 0 0 0 0 0 0 0 0 0 0 0 0 0 
> 1484410740929406:3:tx 3: 136
> 1484410745922222:3:tx 3: 137
> 1484410749351594:3:tx 3: 138
> 1484410750882843:3:tx 3: 139
> 1484410754906031:3:tx 3: 140
> 1484410761467993:3:tx 3: 141
> 1484410763398070:3:tx 3: 142
> 1484410767350619:3:tx 3: 143
> 1484410771686658:3:tx 3: 144
> 1484410776303072:3:tx 3: 145
> 1484410778318603:3:tx 3: 146
> 1484410784576334:3:tx 3: 147
> 1484410788865103:3:tx 3: 148
> 1484410790779045:3:tx 3: 149
> 1484410796340909:3:tx 3: 150
> 1484410797592156:3:
> 1484410797592201:3:LINK STATS to 1: 16 15 0
> 1484410797694301:3: 92186 P 0.18 11 2329138 1191020 1123174 2846482 42022982 168576 53306 18286 135414 3628170
> 1484410797694483:3:tx 0 0 0 0 0 0 0 0 0 0 0 0 0 0 0 0 0 0 0 0 0 0 0 0 0 0 0 0 0 0 0 0 0 0 0 0 0 0 0 0 0 0 0 0 0 0 0 0 0 0 0 0 0 0 0 0 0 0 0 0 0 0 0 0 0 0 0 0 0 0 0 0 0 0 0 0 0 0 0 0 0 0 0 0 0 0 0 0 0 0 0 0 0 0 0 0 0 0 0 0 0 0 0 0 0 0 0 0 0 0 0 0 0 0 0 0 0 0 0 0 0 0 0 0 0 0 0 0 
> 1484410797731241:3:rx 0 0 0 0 0 0 0 0 0 0 0 0 0 0 0 0 0 0 0 0 0 0 0 0 0 0 0 0 0 0 0 0 0 0 0 0 0 0 0 0 0 0 0 0 0 0 0 0 0 0 0 0 0 0 0 0 0 0 0 0 0 0 0 0 0 0 0 0 0 0 0 0 0 0 0 0 0 0 0 0 0 0 0 0 0 0 0 0 0 0 0 0 0 0 0 0 0 0 0 0 0 0 0 0 0 0 0 0 0 0 0 0 0 0 0 0 0 0 0 0 0 0 0 0 0 0 0 0 
> 1484410802114172:3:tx 3: 151
> 1484410804371858:3:tx 3: 152
> 1484410807199960:3:tx 3: 153
> 1484410812328684:3:tx 3: 154
> 1484410815426219:3:tx 3: 155
> 1484410820761664:3:tx 3: 156
> 1484410824651790:3:tx 3: 157
> 1484410826703000:3:tx 3: 158
> 1484410833042317:3:tx 3: 159
> 1484410834338516:3:tx 3: 160
> 1484410839135614:3:tx 3: 161
> 1484410843900660:3:tx 3: 162
> 1484410850173664:3:tx 3: 163
> 1484410852345336:3:tx 3: 164
> 1484410854946927:3:tx 3: 165
> 1484410857588469:3:
> 1484410857588490:3:LINK STATS to 1: 16 15 0
> 1484410857691025:3: 99866 P 0.18 12 2495202 1244152 1141688 2983362 45652198 166064 53132 18514 136880 3629216
> 1484410857691156:3:tx 0 0 0 0 0 0 0 0 0 0 0 0 0 0 0 0 0 0 0 0 0 0 0 0 0 0 0 0 0 0 0 0 0 0 0 0 0 0 0 0 0 0 0 0 0 0 0 0 0 0 0 0 0 0 0 0 0 0 0 0 0 0 0 0 0 0 0 0 0 0 0 0 0 0 0 0 0 0 0 0 0 0 0 0 0 0 0 0 0 0 0 0 0 0 0 0 0 0 0 0 0 0 0 0 0 0 0 0 0 0 0 0 0 0 0 0 0 0 0 0 0 0 0 0 0 0 0 0 
> 1484410857726978:3:rx 0 0 0 0 0 0 0 0 0 0 0 0 0 0 0 0 0 0 0 0 0 0 0 0 0 0 0 0 0 0 0 0 0 0 0 0 0 0 0 0 0 0 0 0 0 0 0 0 0 0 0 0 0 0 0 0 0 0 0 0 0 0 0 0 0 0 0 0 0 0 0 0 0 0 0 0 0 0 0 0 0 0 0 0 0 0 0 0 0 0 0 0 0 0 0 0 0 0 0 0 0 0 0 0 0 0 0 0 0 0 0 0 0 0 0 0 0 0 0 0 0 0 0 0 0 0 0 0 
> 1484410861001189:3:tx 3: 166
> 1484410863556200:3:tx 3: 167
> 1484410869961412:3:tx 3: 168
> 1484410873875456:3:tx 3: 169
> 1484410877093803:3:tx 3: 170
> 1484410881757639:3:tx 3: 171
> 1484410882382655:3:tx 3: 172
> 1484410889038739:3:tx 3: 173
> 1484410892522723:3:tx 3: 174
> 1484410896198770:3:tx 3: 175
> 1484410899772322:3:tx 3: 176
> 1484410903209387:3:tx 3: 177
> 1484410910185873:3:tx 3: 178
> 1484410912490221:3:tx 3: 179
> 1484410914197569:3:--- Network status ---
> 1484410914197600:3:-- Server IPv6 addresses:
> 1484410914197611:3:-- fd00::212:4b00:0:fe03
> 1484410914216749:3:-- fe80::212:4b00:0:fe03
> 1484410914216762:3:-- Default route:
> 1484410914216767:3:-- None
> 1484410914216770:3:-- Routing entries (1 in total):
> 1484410914216780:3:-- fd00::212:4b00:0:fe01 via fd00::212:4b00:0:fe01 (lifetime: 0 seconds)
> 1484410914216808:3:----------------------
> 1484410915247825:3:tx 3: 180
> 1484410917584870:3:
> 1484410917584892:3:LINK STATS to 1: 15 15 0
> 1484410917687809:3: 107546 P 0.18 13 2661604 1380040 1158436 3197880 49203438 166402 135888 16748 214518 3551240
> 1484410917687867:3:tx 0 0 0 0 0 0 0 0 0 0 0 0 0 0 0 0 0 0 0 0 0 0 0 0 0 0 0 0 0 0 0 0 0 0 0 0 0 0 0 0 0 0 0 0 0 0 0 0 0 0 0 0 0 0 0 0 0 0 0 0 0 0 0 0 0 0 0 0 0 0 0 0 0 0 0 0 0 0 0 0 0 0 0 0 0 0 0 0 0 0 0 0 0 0 0 0 0 0 0 0 0 0 0 0 0 0 0 0 0 0 0 0 0 0 0 0 0 0 0 0 0 0 0 0 0 0 0 0 
> 1484410917723971:3:rx 0 0 0 0 0 0 0 0 0 0 0 0 0 0 0 0 0 0 0 0 0 0 0 0 0 0 0 0 0 0 0 0 0 0 0 0 0 0 0 0 0 0 0 0 0 0 0 0 0 0 0 0 0 0 0 0 0 0 0 0 0 0 0 0 0 0 0 0 0 0 0 0 0 0 0 0 0 0 0 0 0 0 0 0 0 0 0 0 0 0 0 0 0 0 0 0 0 0 0 0 0 0 0 0 0 0 0 0 0 0 0 0 0 0 0 0 0 0 0 0 0 0 0 0 0 0 0 0 
> 1484410920818145:3:tx 3: 181
> 1484410923356821:3:tx 3: 182
> 1484410928966066:3:tx 3: 183
> 1484410933426584:3:tx 3: 184
> 1484410936301636:3:tx 3: 185
> 1484410940465133:3:tx 3: 186
> 1484410943581826:3:tx 3: 187
> 1484410947195720:3:tx 3: 188
> 1484410952945411:3:tx 3: 189
> 1484410955886229:3:tx 3: 190
> 1484410961612324:3:tx 3: 191
> 1484410965784409:3:tx 3: 192
> 1484410966502781:3:tx 3: 193
> 1484410973971025:3:tx 3: 194
> 1484410977568957:3:tx 3: 195
> 1484410977581300:3:
> 1484410977581321:3:LINK STATS to 1: 30 13 0
> 1484410977683716:3: 115226 P 0.18 14 2853718 1467514 1204450 3387618 52753732 192114 87474 46014 189738 3550294
> 1484410977683835:3:tx 0 0 0 0 0 0 0 0 0 0 0 0 0 0 0 0 0 0 0 0 0 0 0 0 0 0 0 0 0 0 0 0 0 0 0 0 0 0 0 0 0 0 0 0 0 0 0 0 0 0 0 0 0 0 0 0 0 0 0 0 0 0 0 0 0 0 0 0 0 0 0 0 0 0 0 0 0 0 0 0 0 0 0 0 0 0 0 0 0 0 0 0 0 0 0 0 0 0 0 0 0 0 0 0 0 0 0 0 0 0 0 0 0 0 0 0 0 0 0 0 0 0 0 0 0 0 0 0 
> 1484410977720692:3:rx 0 0 0 0 0 0 0 0 0 0 0 0 0 0 0 0 0 0 0 0 0 0 0 0 0 0 0 0 0 0 0 0 0 0 0 0 0 0 0 0 0 0 0 0 0 0 0 0 0 0 0 0 0 0 0 0 0 0 0 0 0 0 0 0 0 0 0 0 0 0 0 0 0 0 0 0 0 0 0 0 0 0 0 0 0 0 0 0 0 0 0 0 0 0 0 0 0 0 0 0 0 0 0 0 0 0 0 0 0 0 0 0 0 0 0 0 0 0 0 0 0 0 0 0 0 0 0 0 
> 1484410978568670:3:tx 3: 196
> 1484410985220475:3:tx 3: 197
> 1484410987993719:3:tx 3: 198
> 1484410992192973:3:tx 3: 199
> 1484410995501280:3:tx 3: 200
> 1484411000485082:3:tx 3: 201
> 1484411004817232:3:tx 3: 202
> 1484411008468848:3:tx 3: 203
> 1484411013523523:3:tx 3: 204
> 1484411015367142:3:tx 3: 205
> 1484411019255998:3:tx 3: 206
