connecting to /dev/ttyUSB4 (115200) [OK]
> 1484410209346538:5: 15386 P 0.18 1 292372 96276 0 226632 7358384 138724 43860 0 112586 3680852
> 1484410209346656:5:tx 0 0 0 0 0 0 0 0 0 0 0 0 0 0 0 0 0 0 0 0 0 0 0 0 0 0 0 0 0 0 0 0 0 0 0 0 0 0 0 0 0 0 0 0 0 0 0 0 0 0 0 0 0 0 0 0 0 0 0 0 0 0 0 0 0 0 0 0 0 0 0 0 0 0 0 0 0 0 0 0 0 0 0 0 0 0 0 0 0 0 0 0 0 0 0 0 0 0 0 0 0 0 0 0 0 0 0 0 0 0 0 0 0 0 0 0 0 0 0 0 0 0 0 0 0 0 0 0 
> 1484410209376595:5:rx 0 0 0 0 0 0 0 0 0 0 0 0 0 0 0 0 0 0 0 0 0 0 0 0 0 0 0 0 0 0 0 0 0 0 0 0 0 0 0 0 0 0 0 0 0 0 0 0 0 0 0 0 0 0 0 0 0 0 0 0 0 0 0 0 0 0 0 0 0 0 0 0 0 0 0 0 0 0 0 0 0 0 0 0 0 0 0 0 0 0 0 0 0 0 0 0 0 0 0 0 0 0 0 0 0 0 0 0 0 0 0 0 0 0 0 0 0 0 0 0 0 0 0 0 0 0 0 0 
> 1484410210033301:5:tx 5: 1
> 1484410214970731:5:tx 5: 2
> 1484410219275107:5:tx 5: 3
> 1484410224099627:5:tx 5: 4
> 1484410227891838:5:tx 5: 5
> 1484410232282139:5:tx 5: 6
> 1484410234016291:5:tx 5: 7
> 1484410241281445:5:tx 5: 8
> 1484410243765724:5:tx 5: 9
> 1484410247797043:5:tx 5: 10
> 1484410251187440:5:tx 5: 11
> 1484410255538574:5:tx 5: 12
> 1484410257827768:5:tx 5: 13
> 1484410264545859:5:tx 5: 14
> 1484410267826992:5:tx 5: 15
> 1484410269234396:5:
> 1484410269234447:5:LINK STATS to 1: 15 15 0
> 1484410269337133:5: 23066 P 0.18 2 454914 172796 16744 384496 10969754 162542 76520 16744 157864 3611370
> 1484410269337187:5:tx 0 0 0 0 0 0 0 0 0 0 0 0 0 0 0 0 0 0 0 0 0 0 0 0 0 0 0 0 0 0 0 0 0 0 0 0 0 0 0 0 0 0 0 0 0 0 0 0 0 0 0 0 0 0 0 0 0 0 0 0 0 0 0 0 0 0 0 0 0 0 0 0 0 0 0 0 0 0 0 0 0 0 0 0 0 0 0 0 0 0 0 0 0 0 0 0 0 0 0 0 0 0 0 0 0 0 0 0 0 0 0 0 0 0 0 0 0 0 0 0 0 0 0 0 0 0 0 0 
> 1484410269373245:5:rx 0 0 0 0 0 0 0 0 0 0 0 0 0 0 0 0 0 0 0 0 0 0 0 0 0 0 0 0 0 0 0 0 0 0 0 0 0 0 0 0 0 0 0 0 0 0 0 0 0 0 0 0 0 0 0 0 0 0 0 0 0 0 0 0 0 0 0 0 0 0 0 0 0 0 0 0 0 0 0 0 0 0 0 0 0 0 0 0 0 0 0 0 0 0 0 0 0 0 0 0 0 0 0 0 0 0 0 0 0 0 0 0 0 0 0 0 0 0 0 0 0 0 0 0 0 0 0 0 
> 1484410271514228:5:tx 5: 16
> 1484410276748485:5:tx 5: 17
> 1484410279872941:5:tx 5: 18
> 1484410284614911:5:tx 5: 19
> 1484410287271475:5:tx 5: 20
> 1484410291739638:5:tx 5: 21
> 1484410294411606:5:tx 5: 22
> 1484410298895516:5:tx 5: 23
> 1484410303926508:5:tx 5: 24
> 1484410308879390:5:tx 5: 25
> 1484410311844764:5:tx 5: 26
> 1484410314418312:5:tx 5: 27
> 1484410320058593:5:tx 5: 28
> 1484410323759964:5:tx 5: 29
> 1484410329074106:5:tx 5: 30
> 1484410329231242:5:
> 1484410329231274:5:LINK STATS to 1: 14 14 0
> 1484410329340162:5: 30746 P 0.18 3 618782 342740 34376 631250 14491704 163868 169944 17632 246754 3521950
> 1484410329340297:5:tx 0 0 0 0 0 0 0 0 0 0 0 0 0 0 0 0 0 0 0 0 0 0 0 0 0 0 0 0 0 0 0 0 0 0 0 0 0 0 0 0 0 0 0 0 0 0 0 0 0 0 0 0 0 0 0 0 0 0 0 0 0 0 0 0 0 0 0 0 0 0 0 0 0 0 0 0 0 0 0 0 0 0 0 0 0 0 0 0 0 0 0 0 0 0 0 0 0 0 0 0 0 0 0 0 0 0 0 0 0 0 0 0 0 0 0 0 0 0 0 0 0 0 0 0 0 0 0 0 
> 1484410329370022:5:rx 0 0 0 0 0 0 0 0 0 0 0 0 0 0 0 0 0 0 0 0 0 0 0 0 0 0 0 0 0 0 0 0 0 0 0 0 0 0 0 0 0 0 0 0 0 0 0 0 0 0 0 0 0 0 0 0 0 0 0 0 0 0 0 0 0 0 0 0 0 0 0 0 0 0 0 0 0 0 0 0 0 0 0 0 0 0 0 0 0 0 0 0 0 0 0 0 0 0 0 0 0 0 0 0 0 0 0 0 0 0 0 0 0 0 0 0 0 0 0 0 0 0 0 0 0 0 0 0 
> 1484410332339375:5:tx 5: 31
> 1484410337182526:5:tx 5: 32
> 1484410337947887:5:tx 5: 33
> 1484410343674376:5:tx 5: 34
> 1484410345533514:5:tx 5: 35
> 1484410350392797:5:tx 5: 36
> 1484410355205030:5:tx 5: 37
> 1484410359227965:5:tx 5: 38
> 1484410364188831:5:tx 5: 39
> 1484410367806091:5:tx 5: 40
> 1484410370907420:5:tx 5: 41
> 1484410374805793:5:tx 5: 42
> 1484410380453771:5:tx 5: 43
> 1484410383149040:5:tx 5: 44
> 1484410387047033:5:tx 5: 45
> 1484410389227970:5:
> 1484410389228012:5:LINK STATS to 1: 16 16 0
> 1484410389330896:5: 38426 P 0.18 4 785408 394816 50682 769030 18119046 166626 52076 16306 137780 3627342
> 1484410389331081:5:tx 0 0 0 0 0 0 0 0 0 0 0 0 0 0 0 0 0 0 0 0 0 0 0 0 0 0 0 0 0 0 0 0 0 0 0 0 0 0 0 0 0 0 0 0 0 0 0 0 0 0 0 0 0 0 0 0 0 0 0 0 0 0 0 0 0 0 0 0 0 0 0 0 0 0 0 0 0 0 0 0 0 0 0 0 0 0 0 0 0 0 0 0 0 0 0 0 0 0 0 0 0 0 0 0 0 0 0 0 0 0 0 0 0 0 0 0 0 0 0 0 0 0 0 0 0 0 0 0 
> 1484410389366842:5:rx 0 0 0 0 0 0 0 0 0 0 0 0 0 0 0 0 0 0 0 0 0 0 0 0 0 0 0 0 0 0 0 0 0 0 0 0 0 0 0 0 0 0 0 0 0 0 0 0 0 0 0 0 0 0 0 0 0 0 0 0 0 0 0 0 0 0 0 0 0 0 0 0 0 0 0 0 0 0 0 0 0 0 0 0 0 0 0 0 0 0 0 0 0 0 0 0 0 0 0 0 0 0 0 0 0 0 0 0 0 0 0 0 0 0 0 0 0 0 0 0 0 0 0 0 0 0 0 0 
> 1484410391078208:5:tx 5: 46
> 1484410394070313:5:tx 5: 47
> 1484410397491621:5:tx 5: 48
> 1484410403663268:5:tx 5: 49
> 1484410407889661:5:tx 5: 50
> 1484410412334778:5:tx 5: 51
> 1484410414756288:5:tx 5: 52
> 1484410420443511:5:tx 5: 53
> 1484410422404510:5:tx 5: 54
> 1484410425951299:5:tx 5: 55
> 1484410432981772:5:tx 5: 56
> 1484410434888207:5:tx 5: 57
> 1484410439270678:5:tx 5: 58
> 1484410443489281:5:tx 5: 59
> 1484410445393341:5:--- Network status ---
> 1484410445393382:5:-- Server IPv6 addresses:
> 1484410445393408:5:-- fd00::212:4b00:0:fe05
> 1484410445393427:5:-- fe80::212:4b00:0:fe05
> 1484410445393449:5:-- Default route:
> 1484410445393462:5:-- None
> 1484410445393473:5:-- Routing entries (1 in total):
> 1484410445393510:5:-- fd00::212:4b00:0:fe01 via fd00::212:4b00:0:fe01 (lifetime: 0 seconds)
> 1484410445393601:5:----------------------
> 1484410447462098:5:tx 5: 60
> 1484410449224602:5:
> 1484410449224638:5:LINK STATS to 1: 15 15 0
> 1484410449327307:5: 46106 P 0.18 5 951632 566618 67206 1019506 21634506 166224 171802 16524 250476 3515460
> 1484410449327374:5:tx 0 0 0 0 0 0 0 0 0 0 0 0 0 0 0 0 0 0 0 0 0 0 0 0 0 0 0 0 0 0 0 0 0 0 0 0 0 0 0 0 0 0 0 0 0 0 0 0 0 0 0 0 0 0 0 0 0 0 0 0 0 0 0 0 0 0 0 0 0 0 0 0 0 0 0 0 0 0 0 0 0 0 0 0 0 0 0 0 0 0 0 0 0 0 0 0 0 0 0 0 0 0 0 0 0 0 0 0 0 0 0 0 0 0 0 0 0 0 0 0 0 0 0 0 0 0 0 0 
> 1484410449363420:5:rx 0 0 0 0 0 0 0 0 0 0 0 0 0 0 0 0 0 0 0 0 0 0 0 0 0 0 0 0 0 0 0 0 0 0 0 0 0 0 0 0 0 0 0 0 0 0 0 0 0 0 0 0 0 0 0 0 0 0 0 0 0 0 0 0 0 0 0 0 0 0 0 0 0 0 0 0 0 0 0 0 0 0 0 0 0 0 0 0 0 0 0 0 0 0 0 0 0 0 0 0 0 0 0 0 0 0 0 0 0 0 0 0 0 0 0 0 0 0 0 0 0 0 0 0 0 0 0 0 
> 1484410452387082:5:tx 5: 61
> 1484410457168202:5:tx 5: 62
> 1484410457957512:5:tx 5: 63
> 1484410463457158:5:tx 5: 64
> 1484410467581714:5:tx 5: 65
> 1484410470671804:5:tx 5: 66
> 1484410473487707:5:tx 5: 67
> 1484410480835321:5:tx 5: 68
> 1484410482143389:5:tx 5: 69
> 1484410487627280:5:tx 5: 70
> 1484410489457667:5:tx 5: 71
> 1484410495220393:5:tx 5: 72
> 1484410498868979:5:tx 5: 73
> 1484410503915615:5:tx 5: 74
> 1484410506438905:5:tx 5: 75
> 1484410509221114:5:
> 1484410509221128:5:LINK STATS to 1: 16 15 0
> 1484410509324258:5: 53786 P 0.18 6 1115910 910010 83732 1429874 24992020 164278 343392 16526 410368 3357514
> 1484410509324322:5:tx 0 0 0 0 0 0 0 0 0 0 0 0 0 0 0 0 0 0 0 0 0 0 0 0 0 0 0 0 0 0 0 0 0 0 0 0 0 0 0 0 0 0 0 0 0 0 0 0 0 0 0 0 0 0 0 0 0 0 0 0 0 0 0 0 0 0 0 0 0 0 0 0 0 0 0 0 0 0 0 0 0 0 0 0 0 0 0 0 0 0 0 0 0 0 0 0 0 0 0 0 0 0 0 0 0 0 0 0 0 0 0 0 0 0 0 0 0 0 0 0 0 0 0 0 0 0 0 0 
> 1484410509360164:5:rx 0 0 0 0 0 0 0 0 0 0 0 0 0 0 0 0 0 0 0 0 0 0 0 0 0 0 0 0 0 0 0 0 0 0 0 0 0 0 0 0 0 0 0 0 0 0 0 0 0 0 0 0 0 0 0 0 0 0 0 0 0 0 0 0 0 0 0 0 0 0 0 0 0 0 0 0 0 0 0 0 0 0 0 0 0 0 0 0 0 0 0 0 0 0 0 0 0 0 0 0 0 0 0 0 0 0 0 0 0 0 0 0 0 0 0 0 0 0 0 0 0 0 0 0 0 0 0 0 
> 1484410512266432:5:tx 5: 76
> 1484410517094325:5:tx 5: 77
> 1484410521082916:5:tx 5: 78
> 1484410521734816:5:tx 5: 79
> 1484410529023650:5:tx 5: 80
> 1484410533296621:5:tx 5: 81
> 1484410535116877:5:tx 5: 82
> 1484410540366627:5:tx 5: 83
> 1484410544296458:5:tx 5: 84
> 1484410548342489:5:tx 5: 85
> 1484410551490933:5:tx 5: 86
> 1484410556154763:5:tx 5: 87
> 1484410557881330:5:tx 5: 88
> 1484410563232435:5:tx 5: 89
> 1484410567364680:5:tx 5: 90
> 1484410569217904:5:
> 1484410569217930:5:LINK STATS to 1: 15 15 0
> 1484410569321006:5: 61466 P 0.18 7 1285694 1240104 100922 1832986 28351284 169784 330094 17190 403112 3359264
> 1484410569321113:5:tx 0 0 0 0 0 0 0 0 0 0 0 0 0 0 0 0 0 0 0 0 0 0 0 0 0 0 0 0 0 0 0 0 0 0 0 0 0 0 0 0 0 0 0 0 0 0 0 0 0 0 0 0 0 0 0 0 0 0 0 0 0 0 0 0 0 0 0 0 0 0 0 0 0 0 0 0 0 0 0 0 0 0 0 0 0 0 0 0 0 0 0 0 0 0 0 0 0 0 0 0 0 0 0 0 0 0 0 0 0 0 0 0 0 0 0 0 0 0 0 0 0 0 0 0 0 0 0 0 
> 1484410569357080:5:rx 0 0 0 0 0 0 0 0 0 0 0 0 0 0 0 0 0 0 0 0 0 0 0 0 0 0 0 0 0 0 0 0 0 0 0 0 0 0 0 0 0 0 0 0 0 0 0 0 0 0 0 0 0 0 0 0 0 0 0 0 0 0 0 0 0 0 0 0 0 0 0 0 0 0 0 0 0 0 0 0 0 0 0 0 0 0 0 0 0 0 0 0 0 0 0 0 0 0 0 0 0 0 0 0 0 0 0 0 0 0 0 0 0 0 0 0 0 0 0 0 0 0 0 0 0 0 0 0 
> 1484410570013292:5:tx 5: 91
> 1484410576980453:5:tx 5: 92
> 1484410578403720:5:tx 5: 93
> 1484410584379898:5:tx 5: 94
> 1484410587114023:5:tx 5: 95
> 1484410592317091:5:tx 5: 96
> 1484410596285555:5:tx 5: 97
> 1484410601246180:5:tx 5: 98
> 1484410605144483:5:tx 5: 99
> 1484410606011600:5:tx 5: 100
> 1484410611824046:5:tx 5: 101
> 1484410616971920:5:tx 5: 102
> 1484410620057887:5:tx 5: 103
> 1484410621526431:5:tx 5: 104
> 1484410629214485:5:
> 1484410629214537:5:LINK STATS to 1: 14 14 0
> 1484410629285629:5:tx 5: 105
> 1484410629316875:5: 69146 P 0.18 8 1447688 1617866 116348 2285170 31669266 161994 377762 15426 452184 3317982
> 1484410629317005:5:tx 0 0 0 0 0 0 0 0 0 0 0 0 0 0 0 0 0 0 0 0 0 0 0 0 0 0 0 0 0 0 0 0 0 0 0 0 0 0 0 0 0 0 0 0 0 0 0 0 0 0 0 0 0 0 0 0 0 0 0 0 0 0 0 0 0 0 0 0 0 0 0 0 0 0 0 0 0 0 0 0 0 0 0 0 0 0 0 0 0 0 0 0 0 0 0 0 0 0 0 0 0 0 0 0 0 0 0 0 0 0 0 0 0 0 0 0 0 0 0 0 0 0 0 0 0 0 0 0 
> 1484410629353996:5:rx 0 0 0 0 0 0 0 0 0 0 0 0 0 0 0 0 0 0 0 0 0 0 0 0 0 0 0 0 0 0 0 0 0 0 0 0 0 0 0 0 0 0 0 0 0 0 0 0 0 0 0 0 0 0 0 0 0 0 0 0 0 0 0 0 0 0 0 0 0 0 0 0 0 0 0 0 0 0 0 0 0 0 0 0 0 0 0 0 0 0 0 0 0 0 0 0 0 0 0 0 0 0 0 0 0 0 0 0 0 0 0 0 0 0 0 0 0 0 0 0 0 0 0 0 0 0 0 0 
> 1484410630775989:5:tx 5: 106
> 1484410633837808:5:tx 5: 107
> 1484410638650542:5:tx 5: 108
> 1484410643884352:5:tx 5: 109
> 1484410646056507:5:tx 5: 110
> 1484410650743365:5:tx 5: 111
> 1484410654790116:5:tx 5: 112
> 1484410658016784:5:tx 5: 113
> 1484410662633478:5:tx 5: 114
> 1484410665766011:5:tx 5: 115
> 1484410671992487:5:tx 5: 116
> 1484410675132706:5:tx 5: 117
> 1484410680132799:5:tx 5: 118
> 1484410682788940:5:tx 5: 119
> 1484410685380179:5:--- Network status ---
> 1484410685380240:5:-- Server IPv6 addresses:
> 1484410685380300:5:-- fd00::212:4b00:0:fe05
> 1484410685380336:5:-- fe80::212:4b00:0:fe05
> 1484410685380379:5:-- Default route:
> 1484410685380407:5:-- None
> 1484410685380429:5:-- Routing entries (1 in total):
> 1484410685380477:5:-- fd00::212:4b00:0:fe01 via fd00::212:4b00:0:fe01 (lifetime: 0 seconds)
> 1484410685380559:5:----------------------
> 1484410688448942:5:tx 5: 120
> 1484410689211502:5:
> 1484410689211543:5:LINK STATS to 1: 16 16 0
> 1484410689313755:5: 76826 P 0.18 9 1613858 1670496 133980 2419388 35301038 166170 52630 17632 134218 3631772
> 1484410689313895:5:tx 0 0 0 0 0 0 0 0 0 0 0 0 0 0 0 0 0 0 0 0 0 0 0 0 0 0 0 0 0 0 0 0 0 0 0 0 0 0 0 0 0 0 0 0 0 0 0 0 0 0 0 0 0 0 0 0 0 0 0 0 0 0 0 0 0 0 0 0 0 0 0 0 0 0 0 0 0 0 0 0 0 0 0 0 0 0 0 0 0 0 0 0 0 0 0 0 0 0 0 0 0 0 0 0 0 0 0 0 0 0 0 0 0 0 0 0 0 0 0 0 0 0 0 0 0 0 0 0 
> 1484410689350653:5:rx 0 0 0 0 0 0 0 0 0 0 0 0 0 0 0 0 0 0 0 0 0 0 0 0 0 0 0 0 0 0 0 0 0 0 0 0 0 0 0 0 0 0 0 0 0 0 0 0 0 0 0 0 0 0 0 0 0 0 0 0 0 0 0 0 0 0 0 0 0 0 0 0 0 0 0 0 0 0 0 0 0 0 0 0 0 0 0 0 0 0 0 0 0 0 0 0 0 0 0 0 0 0 0 0 0 0 0 0 0 0 0 0 0 0 0 0 0 0 0 0 0 0 0 0 0 0 0 0 
> 1484410692655355:5:tx 5: 121
> 1484410693663405:5:tx 5: 122
> 1484410700014313:5:tx 5: 123
> 1484410704697876:5:tx 5: 124
> 1484410705654673:5:tx 5: 125
> 1484410711216580:5:tx 5: 126
> 1484410716333301:5:tx 5: 127
> 1484410719083330:5:tx 5: 128
> 1484410725098660:5:tx 5: 129
> 1484410726114311:5:tx 5: 130
> 1484410731051886:5:tx 5: 131
> 1484410734321163:5:tx 5: 132
> 1484410740691850:5:tx 5: 133
> 1484410744480351:5:tx 5: 134
> 1484410747871025:5:tx 5: 135
> 1484410749208173:5:
> 1484410749208210:5:LINK STATS to 1: 15 15 0
> 1484410749310511:5: 84506 P 0.18 10 1779796 1722576 150284 2554844 38931804 165938 52080 16304 135456 3630766
> 1484410749310653:5:tx 0 0 0 0 0 0 0 0 0 0 0 0 0 0 0 0 0 0 0 0 0 0 0 0 0 0 0 0 0 0 0 0 0 0 0 0 0 0 0 0 0 0 0 0 0 0 0 0 0 0 0 0 0 0 0 0 0 0 0 0 0 0 0 0 0 0 0 0 0 0 0 0 0 0 0 0 0 0 0 0 0 0 0 0 0 0 0 0 0 0 0 0 0 0 0 0 0 0 0 0 0 0 0 0 0 0 0 0 0 0 0 0 0 0 0 0 0 0 0 0 0 0 0 0 0 0 0 0 
> 1484410749346364:5:rx 0 0 0 0 0 0 0 0 0 0 0 0 0 0 0 0 0 0 0 0 0 0 0 0 0 0 0 0 0 0 0 0 0 0 0 0 0 0 0 0 0 0 0 0 0 0 0 0 0 0 0 0 0 0 0 0 0 0 0 0 0 0 0 0 0 0 0 0 0 0 0 0 0 0 0 0 0 0 0 0 0 0 0 0 0 0 0 0 0 0 0 0 0 0 0 0 0 0 0 0 0 0 0 0 0 0 0 0 0 0 0 0 0 0 0 0 0 0 0 0 0 0 0 0 0 0 0 0 
> 1484410751159647:5:tx 5: 136
> 1484410756097120:5:tx 5: 137
> 1484410757683110:5:tx 5: 138
> 1484410761487417:5:tx 5: 139
> 1484410766377796:5:tx 5: 140
> 1484410771658835:5:tx 5: 141
> 1484410774463020:5:tx 5: 142
> 1484410780587805:5:tx 5: 143
> 1484410781759947:5:tx 5: 144
> 1484410785954609:5:tx 5: 145
> 1484410792844982:5:tx 5: 146
> 1484410795602812:5:tx 5: 147
> 1484410799711772:5:tx 5: 148
> 1484410804477071:5:tx 5: 149
> 1484410806469316:5:tx 5: 150
> 1484410809204793:5:
> 1484410809204837:5:LINK STATS to 1: 15 15 0
> 1484410809307326:5: 92186 P 0.18 11 1948072 1774748 166808 2691998 42558534 168276 52172 16524 137154 3626730
> 1484410809307558:5:tx 0 0 0 0 0 0 0 0 0 0 0 0 0 0 0 0 0 0 0 0 0 0 0 0 0 0 0 0 0 0 0 0 0 0 0 0 0 0 0 0 0 0 0 0 0 0 0 0 0 0 0 0 0 0 0 0 0 0 0 0 0 0 0 0 0 0 0 0 0 0 0 0 0 0 0 0 0 0 0 0 0 0 0 0 0 0 0 0 0 0 0 0 0 0 0 0 0 0 0 0 0 0 0 0 0 0 0 0 0 0 0 0 0 0 0 0 0 0 0 0 0 0 0 0 0 0 0 0 
> 1484410809343250:5:rx 0 0 0 0 0 0 0 0 0 0 0 0 0 0 0 0 0 0 0 0 0 0 0 0 0 0 0 0 0 0 0 0 0 0 0 0 0 0 0 0 0 0 0 0 0 0 0 0 0 0 0 0 0 0 0 0 0 0 0 0 0 0 0 0 0 0 0 0 0 0 0 0 0 0 0 0 0 0 0 0 0 0 0 0 0 0 0 0 0 0 0 0 0 0 0 0 0 0 0 0 0 0 0 0 0 0 0 0 0 0 0 0 0 0 0 0 0 0 0 0 0 0 0 0 0 0 0 0 
> 1484410810367535:5:tx 5: 151
> 1484410815890916:5:tx 5: 152
> 1484410817507705:5:tx 5: 153
> 1484410823648123:5:tx 5: 154
> 1484410826640176:5:tx 5: 155
> 1484410830858542:5:tx 5: 156
> 1484410835178589:5:tx 5: 157
> 1484410839990908:5:tx 5: 158
> 1484410844076376:5:tx 5: 159
> 1484410848420353:5:tx 5: 160
> 1484410850427941:5:tx 5: 161
> 1484410855208684:5:tx 5: 162
> 1484410859458472:5:tx 5: 163
> 1484410862458306:5:tx 5: 164
> 1484410866575144:5:tx 5: 165
> 1484410869201331:5:
> 1484410869201344:5:LINK STATS to 1: 15 15 0
> 1484410869303854:5: 99866 P 0.18 12 2116418 1828048 183556 2831592 46182754 168346 53300 16748 139594 3624220
> 1484410869303908:5:tx 0 0 0 0 0 0 0 0 0 0 0 0 0 0 0 0 0 0 0 0 0 0 0 0 0 0 0 0 0 0 0 0 0 0 0 0 0 0 0 0 0 0 0 0 0 0 0 0 0 0 0 0 0 0 0 0 0 0 0 0 0 0 0 0 0 0 0 0 0 0 0 0 0 0 0 0 0 0 0 0 0 0 0 0 0 0 0 0 0 0 0 0 0 0 0 0 0 0 0 0 0 0 0 0 0 0 0 0 0 0 0 0 0 0 0 0 0 0 0 0 0 0 0 0 0 0 0 0 
> 1484410869339982:5:rx 0 0 0 0 0 0 0 0 0 0 0 0 0 0 0 0 0 0 0 0 0 0 0 0 0 0 0 0 0 0 0 0 0 0 0 0 0 0 0 0 0 0 0 0 0 0 0 0 0 0 0 0 0 0 0 0 0 0 0 0 0 0 0 0 0 0 0 0 0 0 0 0 0 0 0 0 0 0 0 0 0 0 0 0 0 0 0 0 0 0 0 0 0 0 0 0 0 0 0 0 0 0 0 0 0 0 0 0 0 0 0 0 0 0 0 0 0 0 0 0 0 0 0 0 0 0 0 0 
> 1484410871284184:5:tx 5: 166
> 1484410876848133:5:tx 5: 167
> 1484410878949303:5:tx 5: 168
> 1484410882207168:5:tx 5: 169
> 1484410886199112:5:tx 5: 170
> 1484410891168136:5:tx 5: 171
> 1484410895331670:5:tx 5: 172
> 1484410900698111:5:tx 5: 173
> 1484410901620290:5:tx 5: 174
> 1484410905811802:5:tx 5: 175
> 1484410911416869:5:tx 5: 176
> 1484410914322453:5:tx 5: 177
> 1484410917486567:5:tx 5: 178
> 1484410924454848:5:tx 5: 179
> 1484410925366895:5:--- Network status ---
> 1484410925366929:5:-- Server IPv6 addresses:
> 1484410925366954:5:-- fd00::212:4b00:0:fe05
> 1484410925366969:5:-- fe80::212:4b00:0:fe05
> 1484410925366987:5:-- Default route:
> 1484410925366999:5:-- None
> 1484410925367007:5:-- Routing entries (1 in total):
> 1484410925367027:5:-- fd00::212:4b00:0:fe01 via fd00::212:4b00:0:fe01 (lifetime: 0 seconds)
> 1484410925367074:5:----------------------
> 1484410927985925:5:tx 5: 180
> 1484410929198194:5:
> 1484410929198225:5:LINK STATS to 1: 15 15 0
> 1484410929300851:5: 107546 P 0.18 13 2280072 1968820 199862 3053540 49729312 163654 140772 16306 221948 3546558
> 1484410929300946:5:tx 0 0 0 0 0 0 0 0 0 0 0 0 0 0 0 0 0 0 0 0 0 0 0 0 0 0 0 0 0 0 0 0 0 0 0 0 0 0 0 0 0 0 0 0 0 0 0 0 0 0 0 0 0 0 0 0 0 0 0 0 0 0 0 0 0 0 0 0 0 0 0 0 0 0 0 0 0 0 0 0 0 0 0 0 0 0 0 0 0 0 0 0 0 0 0 0 0 0 0 0 0 0 0 0 0 0 0 0 0 0 0 0 0 0 0 0 0 0 0 0 0 0 0 0 0 0 0 0 
> 1484410929336836:5:rx 0 0 0 0 0 0 0 0 0 0 0 0 0 0 0 0 0 0 0 0 0 0 0 0 0 0 0 0 0 0 0 0 0 0 0 0 0 0 0 0 0 0 0 0 0 0 0 0 0 0 0 0 0 0 0 0 0 0 0 0 0 0 0 0 0 0 0 0 0 0 0 0 0 0 0 0 0 0 0 0 0 0 0 0 0 0 0 0 0 0 0 0 0 0 0 0 0 0 0 0 0 0 0 0 0 0 0 0 0 0 0 0 0 0 0 0 0 0 0 0 0 0 0 0 0 0 0 0 
> 1484410930435540:5:tx 5: 181
> 1484410933618855:5:tx 5: 182
> 1484410939758717:5:tx 5: 183
> 1484410944992940:5:tx 5: 184
> 1484410947444115:5:tx 5: 185
> 1484410952434450:5:tx 5: 186
> 1484410955359490:5:tx 5: 187
> 1484410958101489:5:tx 5: 188
> 1484410962015392:5:tx 5: 189
> 1484410966733962:5:tx 5: 190
> 1484410972054324:5:tx 5: 191
> 1484410976483301:5:tx 5: 192
> 1484410979772446:5:tx 5: 193
> 1484410982022200:5:tx 5: 194
> 1484410986662512:5:tx 5: 195
> 1484410989194511:5:
> 1484410989194543:5:LINK STATS to 1: 15 15 0
> 1484410989297681:5: 115226 P 0.18 14 2450468 2080034 217268 3248464 53296136 170396 111214 17406 194924 3566824
> 1484410989297771:5:tx 0 0 0 0 0 0 0 0 0 0 0 0 0 0 0 0 0 0 0 0 0 0 0 0 0 0 0 0 0 0 0 0 0 0 0 0 0 0 0 0 0 0 0 0 0 0 0 0 0 0 0 0 0 0 0 0 0 0 0 0 0 0 0 0 0 0 0 0 0 0 0 0 0 0 0 0 0 0 0 0 0 0 0 0 0 0 0 0 0 0 0 0 0 0 0 0 0 0 0 0 0 0 0 0 0 0 0 0 0 0 0 0 0 0 0 0 0 0 0 0 0 0 0 0 0 0 0 0 
> 1484410989332856:5:rx 0 0 0 0 0 0 0 0 0 0 0 0 0 0 0 0 0 0 0 0 0 0 0 0 0 0 0 0 0 0 0 0 0 0 0 0 0 0 0 0 0 0 0 0 0 0 0 0 0 0 0 0 0 0 0 0 0 0 0 0 0 0 0 0 0 0 0 0 0 0 0 0 0 0 0 0 0 0 0 0 0 0 0 0 0 0 0 0 0 0 0 0 0 0 0 0 0 0 0 0 0 0 0 0 0 0 0 0 0 0 0 0 0 0 0 0 0 0 0 0 0 0 0 0 0 0 0 0 
> 1484410991724774:5:tx 5: 196
> 1484410996380693:5:tx 5: 197
> 1484410999739941:5:tx 5: 198
> 1484411002544773:5:tx 5: 199
> 1484411008004986:5:tx 5: 200
> 1484411010371978:5:tx 5: 201
> 1484411013668667:5:tx 5: 202
> 1484411019629363:5:tx 5: 203
> 1484411022621505:5:tx 5: 204
