connecting to /dev/ttyUSB3 (115200) [OK]
> 1484410199064418:4: 15386 P 0.18 1 292274 96158 0 226828 7358300 138706 43836 0 113150 3680310
> 1484410199064571:4:tx 0 0 0 0 0 0 0 0 0 0 0 0 0 0 0 0 0 0 0 0 0 0 0 0 0 0 0 0 0 0 0 0 0 0 0 0 0 0 0 0 0 0 0 0 0 0 0 0 0 0 0 0 0 0 0 0 0 0 0 0 0 0 0 0 0 0 0 0 0 0 0 0 0 0 0 0 0 0 0 0 0 0 0 0 0 0 0 0 0 0 0 0 0 0 0 0 0 0 0 0 0 0 0 0 0 0 0 0 0 0 0 0 0 0 0 0 0 0 0 0 0 0 0 0 0 0 0 0 
> 1484410199095689:4:rx 0 0 0 0 0 0 0 0 0 0 0 0 0 0 0 0 0 0 0 0 0 0 0 0 0 0 0 0 0 0 0 0 0 0 0 0 0 0 0 0 0 0 0 0 0 0 0 0 0 0 0 0 0 0 0 0 0 0 0 0 0 0 0 0 0 0 0 0 0 0 0 0 0 0 0 0 0 0 0 0 0 0 0 0 0 0 0 0 0 0 0 0 0 0 0 0 0 0 0 0 0 0 0 0 0 0 0 0 0 0 0 0 0 0 0 0 0 0 0 0 0 0 0 0 0 0 0 0 
> 1484410202868403:4:tx 4: 1
> 1484410203532621:4:tx 4: 2
> 1484410208548114:4:tx 4: 3
> 1484410213664652:4:tx 4: 4
> 1484410216453381:4:tx 4: 5
> 1484410221367293:4:tx 4: 6
> 1484410225047081:4:tx 4: 7
> 1484410228733933:4:tx 4: 8
> 1484410233429303:4:tx 4: 9
> 1484410238358640:4:tx 4: 10
> 1484410241427379:4:tx 4: 11
> 1484410245990845:4:tx 4: 12
> 1484410250940132:4:tx 4: 13
> 1484410252750854:4:tx 4: 14
> 1484410257477255:4:tx 4: 15
> 1484410258952047:4:
> 1484410258952064:4:LINK STATS to 1: 15 15 0
> 1484410259055172:4: 23066 P 0.18 2 446328 349268 18722 551236 10811600 154054 253110 18722 324408 3453300
> 1484410259055250:4:tx 0 0 0 0 0 0 0 0 0 0 0 0 0 0 0 0 0 0 0 0 0 0 0 0 0 0 0 0 0 0 0 0 0 0 0 0 0 0 0 0 0 0 0 0 0 0 0 0 0 0 0 0 0 0 0 0 0 0 0 0 0 0 0 0 0 0 0 0 0 0 0 0 0 0 0 0 0 0 0 0 0 0 0 0 0 0 0 0 0 0 0 0 0 0 0 0 0 0 0 0 0 0 0 0 0 0 0 0 0 0 0 0 0 0 0 0 0 0 0 0 0 0 0 0 0 0 0 0 
> 1484410259091178:4:rx 0 0 0 0 0 0 0 0 0 0 0 0 0 0 0 0 0 0 0 0 0 0 0 0 0 0 0 0 0 0 0 0 0 0 0 0 0 0 0 0 0 0 0 0 0 0 0 0 0 0 0 0 0 0 0 0 0 0 0 0 0 0 0 0 0 0 0 0 0 0 0 0 0 0 0 0 0 0 0 0 0 0 0 0 0 0 0 0 0 0 0 0 0 0 0 0 0 0 0 0 0 0 0 0 0 0 0 0 0 0 0 0 0 0 0 0 0 0 0 0 0 0 0 0 0 0 0 0 
> 1484410259839101:4:tx 4: 16
> 1484410266072798:4:tx 4: 17
> 1484410270957586:4:tx 4: 18
> 1484410271715503:4:tx 4: 19
> 1484410277509906:4:tx 4: 20
> 1484410279644736:4:tx 4: 21
> 1484410285285302:4:tx 4: 22
> 1484410289503598:4:tx 4: 23
> 1484410291597361:4:tx 4: 24
> 1484410297034407:4:tx 4: 25
> 1484410300354334:4:tx 4: 26
> 1484410305377943:4:tx 4: 27
> 1484410310283684:4:tx 4: 28
> 1484410311994381:4:tx 4: 29
> 1484410316845668:4:tx 4: 30
> 1484410318948425:4:
> 1484410318948462:4:LINK STATS to 1: 15 15 0
> 1484410319050880:4: 30746 P 0.18 3 606416 524394 35026 797194 14337714 160088 175126 16304 245958 3526114
> 1484410319050953:4:tx 0 0 0 0 0 0 0 0 0 0 0 0 0 0 0 0 0 0 0 0 0 0 0 0 0 0 0 0 0 0 0 0 0 0 0 0 0 0 0 0 0 0 0 0 0 0 0 0 0 0 0 0 0 0 0 0 0 0 0 0 0 0 0 0 0 0 0 0 0 0 0 0 0 0 0 0 0 0 0 0 0 0 0 0 0 0 0 0 0 0 0 0 0 0 0 0 0 0 0 0 0 0 0 0 0 0 0 0 0 0 0 0 0 0 0 0 0 0 0 0 0 0 0 0 0 0 0 0 
> 1484410319087055:4:rx 0 0 0 0 0 0 0 0 0 0 0 0 0 0 0 0 0 0 0 0 0 0 0 0 0 0 0 0 0 0 0 0 0 0 0 0 0 0 0 0 0 0 0 0 0 0 0 0 0 0 0 0 0 0 0 0 0 0 0 0 0 0 0 0 0 0 0 0 0 0 0 0 0 0 0 0 0 0 0 0 0 0 0 0 0 0 0 0 0 0 0 0 0 0 0 0 0 0 0 0 0 0 0 0 0 0 0 0 0 0 0 0 0 0 0 0 0 0 0 0 0 0 0 0 0 0 0 0 
> 1484410321240587:4:tx 4: 31
> 1484410323578891:4:tx 4: 32
> 1484410329086929:4:tx 4: 33
> 1484410331407275:4:tx 4: 34
> 1484410338414740:4:tx 4: 35
> 1484410342434220:4:tx 4: 36
> 1484410344992021:4:tx 4: 37
> 1484410350421745:4:tx 4: 38
> 1484410352374688:4:tx 4: 39
> 1484410356085289:4:tx 4: 40
> 1484410361326841:4:tx 4: 41
> 1484410366068743:4:tx 4: 42
> 1484410369881600:4:tx 4: 43
> 1484410371467084:4:tx 4: 44
> 1484410377591715:4:tx 4: 45
> 1484410378944673:4:
> 1484410378944709:4:LINK STATS to 1: 15 15 0
> 1484410379046729:4: 38426 P 0.18 4 764340 772416 51544 1115170 17793974 157924 248022 16518 317976 3456260
> 1484410379046826:4:tx 0 0 0 0 0 0 0 0 0 0 0 0 0 0 0 0 0 0 0 0 0 0 0 0 0 0 0 0 0 0 0 0 0 0 0 0 0 0 0 0 0 0 0 0 0 0 0 0 0 0 0 0 0 0 0 0 0 0 0 0 0 0 0 0 0 0 0 0 0 0 0 0 0 0 0 0 0 0 0 0 0 0 0 0 0 0 0 0 0 0 0 0 0 0 0 0 0 0 0 0 0 0 0 0 0 0 0 0 0 0 0 0 0 0 0 0 0 0 0 0 0 0 0 0 0 0 0 0 
> 1484410379083760:4:rx 0 0 0 0 0 0 0 0 0 0 0 0 0 0 0 0 0 0 0 0 0 0 0 0 0 0 0 0 0 0 0 0 0 0 0 0 0 0 0 0 0 0 0 0 0 0 0 0 0 0 0 0 0 0 0 0 0 0 0 0 0 0 0 0 0 0 0 0 0 0 0 0 0 0 0 0 0 0 0 0 0 0 0 0 0 0 0 0 0 0 0 0 0 0 0 0 0 0 0 0 0 0 0 0 0 0 0 0 0 0 0 0 0 0 0 0 0 0 0 0 0 0 0 0 0 0 0 0 
> 1484410380652957:4:tx 4: 46
> 1484410384306430:4:tx 4: 47
> 1484410390622193:4:tx 4: 48
> 1484410392552095:4:tx 4: 49
> 1484410397340455:4:tx 4: 50
> 1484410401793477:4:tx 4: 51
> 1484410404379117:4:tx 4: 52
> 1484410407746167:4:tx 4: 53
> 1484410414370565:4:tx 4: 54
> 1484410417534650:4:tx 4: 55
> 1484410419245355:4:tx 4: 56
> 1484410426073433:4:tx 4: 57
> 1484410430838160:4:tx 4: 58
> 1484410432178544:4:tx 4: 59
> 1484410435108946:4:--- Network status ---
> 1484410435109001:4:-- Server IPv6 addresses:
> 1484410435109039:4:-- fd00::212:4b00:0:fe04
> 1484410435109062:4:-- fe80::212:4b00:0:fe04
> 1484410435109102:4:-- Default route:
> 1484410435109144:4:-- None
> 1484410435109167:4:-- Routing entries (1 in total):
> 1484410435109205:4:-- fd00::212:4b00:0:fe01 via fd00::212:4b00:0:fe01 (lifetime: 0 seconds)
> 1484410435109294:4:----------------------
> 1484410438720546:4:tx 4: 60
> 1484410438940605:4:
> 1484410438940660:4:LINK STATS to 1: 15 15 0
> 1484410439043724:4: 46106 P 0.18 5 921376 1078528 68292 1486718 21197550 157036 306112 16748 371548 3403576
> 1484410439043897:4:tx 0 0 0 0 0 0 0 0 0 0 0 0 0 0 0 0 0 0 0 0 0 0 0 0 0 0 0 0 0 0 0 0 0 0 0 0 0 0 0 0 0 0 0 0 0 0 0 0 0 0 0 0 0 0 0 0 0 0 0 0 0 0 0 0 0 0 0 0 0 0 0 0 0 0 0 0 0 0 0 0 0 0 0 0 0 0 0 0 0 0 0 0 0 0 0 0 0 0 0 0 0 0 0 0 0 0 0 0 0 0 0 0 0 0 0 0 0 0 0 0 0 0 0 0 0 0 0 0 
> 1484410439079666:4:rx 0 0 0 0 0 0 0 0 0 0 0 0 0 0 0 0 0 0 0 0 0 0 0 0 0 0 0 0 0 0 0 0 0 0 0 0 0 0 0 0 0 0 0 0 0 0 0 0 0 0 0 0 0 0 0 0 0 0 0 0 0 0 0 0 0 0 0 0 0 0 0 0 0 0 0 0 0 0 0 0 0 0 0 0 0 0 0 0 0 0 0 0 0 0 0 0 0 0 0 0 0 0 0 0 0 0 0 0 0 0 0 0 0 0 0 0 0 0 0 0 0 0 0 0 0 0 0 0 
> 1484410440392418:4:tx 4: 61
> 1484410443624504:4:tx 4: 62
> 1484410448470012:4:tx 4: 63
> 1484410453820998:4:tx 4: 64
> 1484410457427527:4:tx 4: 65
> 1484410462203453:4:tx 4: 66
> 1484410463695199:4:tx 4: 67
> 1484410469669615:4:tx 4: 68
> 1484410475050689:4:tx 4: 69
> 1484410478475797:4:tx 4: 70
> 1484410482459703:4:tx 4: 71
> 1484410483889580:4:tx 4: 72
> 1484410490668878:4:tx 4: 73
> 1484410492568245:4:tx 4: 74
> 1484410498326093:4:tx 4: 75
> 1484410498935720:4:
> 1484410498935760:4:LINK STATS to 1: 15 15 0
> 1484410499044299:4: 53786 P 0.18 6 1071832 1950274 84852 2406154 24060138 150456 871746 16560 919436 2862588
> 1484410499044452:4:tx 0 0 0 0 0 0 0 0 0 0 0 0 0 0 0 0 0 0 0 0 0 0 0 0 0 0 0 0 0 0 0 0 0 0 0 0 0 0 0 0 0 0 0 0 0 0 0 0 0 0 0 0 0 0 0 0 0 0 0 0 0 0 0 0 0 0 0 0 0 0 0 0 0 0 0 0 0 0 0 0 0 0 0 0 0 0 0 0 0 0 0 0 0 0 0 0 0 0 0 0 0 0 0 0 0 0 0 0 0 0 0 0 0 0 0 0 0 0 0 0 0 0 0 0 0 0 0 0 
> 1484410499075357:4:rx 0 0 0 0 0 0 0 0 0 0 0 0 0 0 0 0 0 0 0 0 0 0 0 0 0 0 0 0 0 0 0 0 0 0 0 0 0 0 0 0 0 0 0 0 0 0 0 0 0 0 0 0 0 0 0 0 0 0 0 0 0 0 0 0 0 0 0 0 0 0 0 0 0 0 0 0 0 0 0 0 0 0 0 0 0 0 0 0 0 0 0 0 0 0 0 0 0 0 0 0 0 0 0 0 0 0 0 0 0 0 0 0 0 0 0 0 0 0 0 0 0 0 0 0 0 0 0 0 
> 1484410502997777:4:tx 4: 76
> 1484410505826433:4:tx 4: 77
> 1484410510332811:4:tx 4: 78
> 1484410514512564:4:tx 4: 79
> 1484410517113396:4:tx 4: 80
> 1484410521957061:4:tx 4: 81
> 1484410526045327:4:tx 4: 82
> 1484410529492478:4:tx 4: 83
> 1484410534909626:4:tx 4: 84
> 1484410538064976:4:tx 4: 85
> 1484410541807458:4:tx 4: 86
> 1484410546369793:4:tx 4: 87
> 1484410550322734:4:tx 4: 88
> 1484410551463217:4:tx 4: 89
> 1484410556213939:4:tx 4: 90
> 1484410558927150:4:
> 1484410558927180:4:LINK STATS to 1: 15 15 0
> 1484410559035199:4: 61466 P 0.18 7 1227108 2561396 100932 3073056 27169784 155276 611122 16080 666902 3109646
> 1484410559035315:4:tx 0 0 0 0 0 0 0 0 0 0 0 0 0 0 0 0 0 0 0 0 0 0 0 0 0 0 0 0 0 0 0 0 0 0 0 0 0 0 0 0 0 0 0 0 0 0 0 0 0 0 0 0 0 0 0 0 0 0 0 0 0 0 0 0 0 0 0 0 0 0 0 0 0 0 0 0 0 0 0 0 0 0 0 0 0 0 0 0 0 0 0 0 0 0 0 0 0 0 0 0 0 0 0 0 0 0 0 0 0 0 0 0 0 0 0 0 0 0 0 0 0 0 0 0 0 0 0 0 
> 1484410559068088:4:rx 0 0 0 0 0 0 0 0 0 0 0 0 0 0 0 0 0 0 0 0 0 0 0 0 0 0 0 0 0 0 0 0 0 0 0 0 0 0 0 0 0 0 0 0 0 0 0 0 0 0 0 0 0 0 0 0 0 0 0 0 0 0 0 0 0 0 0 0 0 0 0 0 0 0 0 0 0 0 0 0 0 0 0 0 0 0 0 0 0 0 0 0 0 0 0 0 0 0 0 0 0 0 0 0 0 0 0 0 0 0 0 0 0 0 0 0 0 0 0 0 0 0 0 0 0 0 0 0 
> 1484410559204916:4:tx 4: 91
> 1484410566749184:4:tx 4: 92
> 1484410569688641:4:tx 4: 93
> 1484410572758850:4:tx 4: 94
> 1484410575438124:4:tx 4: 95
> 1484410581380683:4:tx 4: 96
> 1484410584609587:4:tx 4: 97
> 1484410590710768:4:tx 4: 98
> 1484410591757875:4:tx 4: 99
> 1484410598936743:4:tx 4: 100
> 1484410602932716:4:tx 4: 101
> 1484410604858339:4:tx 4: 102
> 1484410609030075:4:tx 4: 103
> 1484410613115527:4:tx 4: 104
> 1484410617310485:4:tx 4: 105
> 1484410618928823:4:
> 1484410618928867:4:LINK STATS to 1: 15 15 0
> 1484410619032065:4: 69146 P 0.18 8 1381950 3286660 117676 3843930 30176244 154842 725264 16744 770874 3006460
> 1484410619032284:4:tx 0 0 0 0 0 0 0 0 0 0 0 0 0 0 0 0 0 0 0 0 0 0 0 0 0 0 0 0 0 0 0 0 0 0 0 0 0 0 0 0 0 0 0 0 0 0 0 0 0 0 0 0 0 0 0 0 0 0 0 0 0 0 0 0 0 0 0 0 0 0 0 0 0 0 0 0 0 0 0 0 0 0 0 0 0 0 0 0 0 0 0 0 0 0 0 0 0 0 0 0 0 0 0 0 0 0 0 0 0 0 0 0 0 0 0 0 0 0 0 0 0 0 0 0 0 0 0 0 
> 1484410619067851:4:rx 0 0 0 0 0 0 0 0 0 0 0 0 0 0 0 0 0 0 0 0 0 0 0 0 0 0 0 0 0 0 0 0 0 0 0 0 0 0 0 0 0 0 0 0 0 0 0 0 0 0 0 0 0 0 0 0 0 0 0 0 0 0 0 0 0 0 0 0 0 0 0 0 0 0 0 0 0 0 0 0 0 0 0 0 0 0 0 0 0 0 0 0 0 0 0 0 0 0 0 0 0 0 0 0 0 0 0 0 0 0 0 0 0 0 0 0 0 0 0 0 0 0 0 0 0 0 0 0 
> 1484410620466718:4:tx 4: 106
> 1484410624916128:4:tx 4: 107
> 1484410631040680:4:tx 4: 108
> 1484410632981579:4:tx 4: 109
> 1484410637778110:4:tx 4: 110
> 1484410640121809:4:tx 4: 111
> 1484410643324716:4:tx 4: 112
> 1484410649933534:4:tx 4: 113
> 1484410654978986:4:tx 4: 114
> 1484410657261209:4:tx 4: 115
> 1484410662878077:4:tx 4: 116
> 1484410666033237:4:tx 4: 117
> 1484410667151712:4:tx 4: 118
> 1484410672862020:4:tx 4: 119
> 1484410675092957:4:--- Network status ---
> 1484410675093010:4:-- Server IPv6 addresses:
> 1484410675093051:4:-- fd00::212:4b00:0:fe04
> 1484410675093074:4:-- fe80::212:4b00:0:fe04
> 1484410675093103:4:-- Default route:
> 1484410675093121:4:-- None
> 1484410675093142:4:-- Routing entries (1 in total):
> 1484410675093185:4:-- fd00::212:4b00:0:fe01 via fd00::212:4b00:0:fe01 (lifetime: 0 seconds)
> 1484410675093300:4:----------------------
> 1484410677525513:4:tx 4: 120
> 1484410678925251:4:
> 1484410678925290:4:LINK STATS to 1: 15 15 0
> 1484410679027718:4: 76826 P 0.18 9 1548572 3358524 134232 4000658 33785054 166622 71864 16556 156728 3608810
> 1484410679027893:4:tx 0 0 0 0 0 0 0 0 0 0 0 0 0 0 0 0 0 0 0 0 0 0 0 0 0 0 0 0 0 0 0 0 0 0 0 0 0 0 0 0 0 0 0 0 0 0 0 0 0 0 0 0 0 0 0 0 0 0 0 0 0 0 0 0 0 0 0 0 0 0 0 0 0 0 0 0 0 0 0 0 0 0 0 0 0 0 0 0 0 0 0 0 0 0 0 0 0 0 0 0 0 0 0 0 0 0 0 0 0 0 0 0 0 0 0 0 0 0 0 0 0 0 0 0 0 0 0 0 
> 1484410679063718:4:rx 0 0 0 0 0 0 0 0 0 0 0 0 0 0 0 0 0 0 0 0 0 0 0 0 0 0 0 0 0 0 0 0 0 0 0 0 0 0 0 0 0 0 0 0 0 0 0 0 0 0 0 0 0 0 0 0 0 0 0 0 0 0 0 0 0 0 0 0 0 0 0 0 0 0 0 0 0 0 0 0 0 0 0 0 0 0 0 0 0 0 0 0 0 0 0 0 0 0 0 0 0 0 0 0 0 0 0 0 0 0 0 0 0 0 0 0 0 0 0 0 0 0 0 0 0 0 0 0 
> 1484410682603715:4:tx 4: 121
> 1484410684603244:4:tx 4: 122
> 1484410687712440:4:tx 4: 123
> 1484410692196423:4:tx 4: 124
> 1484410696368137:4:tx 4: 125
> 1484410700891419:4:tx 4: 126
> 1484410703304817:4:tx 4: 127
> 1484410707984332:4:tx 4: 128
> 1484410712796478:4:tx 4: 129
> 1484410716023359:4:tx 4: 130
> 1484410721640169:4:tx 4: 131
> 1484410727045439:4:tx 4: 132
> 1484410729100502:4:tx 4: 133
> 1484410734756481:4:tx 4: 134
> 1484410736373393:4:tx 4: 135
> 1484410738921376:4:
> 1484410738921415:4:LINK STATS to 1: 15 15 0
> 1484410739023565:4: 84506 P 0.18 10 1714940 3422598 150980 4144032 37407472 166368 64074 16748 143374 3622418
> 1484410739023712:4:tx 0 0 0 0 0 0 0 0 0 0 0 0 0 0 0 0 0 0 0 0 0 0 0 0 0 0 0 0 0 0 0 0 0 0 0 0 0 0 0 0 0 0 0 0 0 0 0 0 0 0 0 0 0 0 0 0 0 0 0 0 0 0 0 0 0 0 0 0 0 0 0 0 0 0 0 0 0 0 0 0 0 0 0 0 0 0 0 0 0 0 0 0 0 0 0 0 0 0 0 0 0 0 0 0 0 0 0 0 0 0 0 0 0 0 0 0 0 0 0 0 0 0 0 0 0 0 0 0 
> 1484410739060683:4:rx 0 0 0 0 0 0 0 0 0 0 0 0 0 0 0 0 0 0 0 0 0 0 0 0 0 0 0 0 0 0 0 0 0 0 0 0 0 0 0 0 0 0 0 0 0 0 0 0 0 0 0 0 0 0 0 0 0 0 0 0 0 0 0 0 0 0 0 0 0 0 0 0 0 0 0 0 0 0 0 0 0 0 0 0 0 0 0 0 0 0 0 0 0 0 0 0 0 0 0 0 0 0 0 0 0 0 0 0 0 0 0 0 0 0 0 0 0 0 0 0 0 0 0 0 0 0 0 0 
> 1484410742146528:4:tx 4: 136
> 1484410744558469:4:tx 4: 137
> 1484410747925410:4:tx 4: 138
> 1484410751817599:4:tx 4: 139
> 1484410758157380:4:tx 4: 140
> 1484410760153204:4:tx 4: 141
> 1484410766549552:4:tx 4: 142
> 1484410768605782:4:tx 4: 143
> 1484410772042532:4:tx 4: 144
> 1484410778778450:4:tx 4: 145
> 1484410780940786:4:tx 4: 146
> 1484410786839070:4:tx 4: 147
> 1484410790955746:4:tx 4: 148
> 1484410791588260:4:tx 4: 149
> 1484410796705459:4:tx 4: 150
> 1484410798917423:4:
> 1484410798917461:4:LINK STATS to 1: 15 15 0
> 1484410799020413:4: 92186 P 0.18 11 1879726 3544628 167494 4340724 40978154 164786 122030 16514 196692 3570682
> 1484410799020544:4:tx 0 0 0 0 0 0 0 0 0 0 0 0 0 0 0 0 0 0 0 0 0 0 0 0 0 0 0 0 0 0 0 0 0 0 0 0 0 0 0 0 0 0 0 0 0 0 0 0 0 0 0 0 0 0 0 0 0 0 0 0 0 0 0 0 0 0 0 0 0 0 0 0 0 0 0 0 0 0 0 0 0 0 0 0 0 0 0 0 0 0 0 0 0 0 0 0 0 0 0 0 0 0 0 0 0 0 0 0 0 0 0 0 0 0 0 0 0 0 0 0 0 0 0 0 0 0 0 0 
> 1484410799056374:4:rx 0 0 0 0 0 0 0 0 0 0 0 0 0 0 0 0 0 0 0 0 0 0 0 0 0 0 0 0 0 0 0 0 0 0 0 0 0 0 0 0 0 0 0 0 0 0 0 0 0 0 0 0 0 0 0 0 0 0 0 0 0 0 0 0 0 0 0 0 0 0 0 0 0 0 0 0 0 0 0 0 0 0 0 0 0 0 0 0 0 0 0 0 0 0 0 0 0 0 0 0 0 0 0 0 0 0 0 0 0 0 0 0 0 0 0 0 0 0 0 0 0 0 0 0 0 0 0 0 
> 1484410801572267:4:tx 4: 151
> 1484410803518429:4:tx 4: 152
> 1484410808515870:4:tx 4: 153
> 1484410813922713:4:tx 4: 154
> 1484410818071265:4:tx 4: 155
> 1484410820477213:4:tx 4: 156
> 1484410825516290:4:tx 4: 157
> 1484410830909114:4:tx 4: 158
> 1484410834902611:4:tx 4: 159
> 1484410838859068:4:tx 4: 160
> 1484410842311713:4:tx 4: 161
> 1484410844702313:4:tx 4: 162
> 1484410849084939:4:tx 4: 163
> 1484410853967597:4:tx 4: 164
> 1484410857084065:4:tx 4: 165
> 1484410858913676:4:
> 1484410858913708:4:LINK STATS to 1: 15 15 0
> 1484410859016150:4: 99866 P 0.18 12 2045884 3727398 184238 4597510 44487370 166158 182770 16744 256786 3509216
> 1484410859016260:4:tx 0 0 0 0 0 0 0 0 0 0 0 0 0 0 0 0 0 0 0 0 0 0 0 0 0 0 0 0 0 0 0 0 0 0 0 0 0 0 0 0 0 0 0 0 0 0 0 0 0 0 0 0 0 0 0 0 0 0 0 0 0 0 0 0 0 0 0 0 0 0 0 0 0 0 0 0 0 0 0 0 0 0 0 0 0 0 0 0 0 0 0 0 0 0 0 0 0 0 0 0 0 0 0 0 0 0 0 0 0 0 0 0 0 0 0 0 0 0 0 0 0 0 0 0 0 0 0 0 
> 1484410859052052:4:rx 0 0 0 0 0 0 0 0 0 0 0 0 0 0 0 0 0 0 0 0 0 0 0 0 0 0 0 0 0 0 0 0 0 0 0 0 0 0 0 0 0 0 0 0 0 0 0 0 0 0 0 0 0 0 0 0 0 0 0 0 0 0 0 0 0 0 0 0 0 0 0 0 0 0 0 0 0 0 0 0 0 0 0 0 0 0 0 0 0 0 0 0 0 0 0 0 0 0 0 0 0 0 0 0 0 0 0 0 0 0 0 0 0 0 0 0 0 0 0 0 0 0 0 0 0 0 0 0 
> 1484410862911681:4:tx 4: 166
> 1484410864115251:4:tx 4: 167
> 1484410867476828:4:tx 4: 168
> 1484410874863794:4:tx 4: 169
> 1484410876684430:4:tx 4: 170
> 1484410880231193:4:tx 4: 171
> 1484410885449744:4:tx 4: 172
> 1484410888149050:4:tx 4: 173
> 1484410893589815:4:tx 4: 174
> 1484410895879018:4:tx 4: 175
> 1484410899378643:4:tx 4: 176
> 1484410904440452:4:tx 4: 177
> 1484410910791774:4:tx 4: 178
> 1484410912189940:4:tx 4: 179
> 1484410915078345:4:--- Network status ---
> 1484410915078403:4:-- Server IPv6 addresses:
> 1484410915078437:4:-- fd00::212:4b00:0:fe04
> 1484410915078462:4:-- fe80::212:4b00:0:fe04
> 1484410915078508:4:-- Default route:
> 1484410915078526:4:-- None
> 1484410915078541:4:-- Routing entries (1 in total):
> 1484410915078572:4:-- fd00::212:4b00:0:fe01 via fd00::212:4b00:0:fe01 (lifetime: 0 seconds)
> 1484410915078629:4:----------------------
> 1484410917329549:4:tx 4: 180
> 1484410918909560:4:
> 1484410918909593:4:LINK STATS to 1: 15 15 0
> 1484410919012034:4: 107546 P 0.18 13 2205508 4024172 200762 4962520 47894896 159624 296774 16524 365010 3407526
> 1484410919012135:4:tx 0 0 0 0 0 0 0 0 0 0 0 0 0 0 0 0 0 0 0 0 0 0 0 0 0 0 0 0 0 0 0 0 0 0 0 0 0 0 0 0 0 0 0 0 0 0 0 0 0 0 0 0 0 0 0 0 0 0 0 0 0 0 0 0 0 0 0 0 0 0 0 0 0 0 0 0 0 0 0 0 0 0 0 0 0 0 0 0 0 0 0 0 0 0 0 0 0 0 0 0 0 0 0 0 0 0 0 0 0 0 0 0 0 0 0 0 0 0 0 0 0 0 0 0 0 0 0 0 
> 1484410919049046:4:rx 0 0 0 0 0 0 0 0 0 0 0 0 0 0 0 0 0 0 0 0 0 0 0 0 0 0 0 0 0 0 0 0 0 0 0 0 0 0 0 0 0 0 0 0 0 0 0 0 0 0 0 0 0 0 0 0 0 0 0 0 0 0 0 0 0 0 0 0 0 0 0 0 0 0 0 0 0 0 0 0 0 0 0 0 0 0 0 0 0 0 0 0 0 0 0 0 0 0 0 0 0 0 0 0 0 0 0 0 0 0 0 0 0 0 0 0 0 0 0 0 0 0 0 0 0 0 0 0 
> 1484410921657976:4:tx 4: 181
> 1484410925978438:4:tx 4: 182
> 1484410929892363:4:tx 4: 183
> 1484410933446534:4:tx 4: 184
> 1484410936251013:4:tx 4: 185
> 1484410942117018:4:tx 4: 186
> 1484410944742912:4:tx 4: 187
> 1484410948270214:4:tx 4: 188
> 1484410952882909:4:tx 4: 189
> 1484410956543928:4:tx 4: 190
> 1484410960944787:4:tx 4: 191
> 1484410965217829:4:tx 4: 192
> 1484410969069281:4:tx 4: 193
> 1484410972264701:4:tx 4: 194
> 1484410978553016:4:tx 4: 195
> 1484410978905769:4:
> 1484410978905801:4:LINK STATS to 1: 15 15 0
> 1484410979008637:4: 115226 P 0.18 14 2369828 4467550 217950 5467254 51158002 164320 443378 17188 504734 3263106
> 1484410979008810:4:tx 0 0 0 0 0 0 0 0 0 0 0 0 0 0 0 0 0 0 0 0 0 0 0 0 0 0 0 0 0 0 0 0 0 0 0 0 0 0 0 0 0 0 0 0 0 0 0 0 0 0 0 0 0 0 0 0 0 0 0 0 0 0 0 0 0 0 0 0 0 0 0 0 0 0 0 0 0 0 0 0 0 0 0 0 0 0 0 0 0 0 0 0 0 0 0 0 0 0 0 0 0 0 0 0 0 0 0 0 0 0 0 0 0 0 0 0 0 0 0 0 0 0 0 0 0 0 0 0 
> 1484410979044622:4:rx 0 0 0 0 0 0 0 0 0 0 0 0 0 0 0 0 0 0 0 0 0 0 0 0 0 0 0 0 0 0 0 0 0 0 0 0 0 0 0 0 0 0 0 0 0 0 0 0 0 0 0 0 0 0 0 0 0 0 0 0 0 0 0 0 0 0 0 0 0 0 0 0 0 0 0 0 0 0 0 0 0 0 0 0 0 0 0 0 0 0 0 0 0 0 0 0 0 0 0 0 0 0 0 0 0 0 0 0 0 0 0 0 0 0 0 0 0 0 0 0 0 0 0 0 0 0 0 0 
> 1484410983013810:4:tx 4: 196
> 1484410984919860:4:tx 4: 197
> 1484410989016538:4:tx 4: 198
> 1484410991857723:4:tx 4: 199
> 1484410996426744:4:tx 4: 200
> 1484411002934173:4:tx 4: 201
> 1484411005246668:4:tx 4: 202
> 1484411007840240:4:tx 4: 203
> 1484411011230646:4:tx 4: 204
> 1484411018525080:4:tx 4: 205
> 1484411020284616:4:tx 4: 206
