connecting to /dev/ttyUSB1 (115200) [OK]
> 1484410196004548:2: 15386 P 0.18 1 292606 96088 0 226370 7358438 138966 43776 0 112758 3680436
> 1484410196004678:2:tx 0 0 0 0 0 0 0 0 0 0 0 0 0 0 0 0 0 0 0 0 0 0 0 0 0 0 0 0 0 0 0 0 0 0 0 0 0 0 0 0 0 0 0 0 0 0 0 0 0 0 0 0 0 0 0 0 0 0 0 0 0 0 0 0 0 0 0 0 0 0 0 0 0 0 0 0 0 0 0 0 0 0 0 0 0 0 0 0 0 0 0 0 0 0 0 0 0 0 0 0 0 0 0 0 0 0 0 0 0 0 0 0 0 0 0 0 0 0 0 0 0 0 0 0 0 0 0 0 
> 1484410196034581:2:rx 0 0 0 0 0 0 0 0 0 0 0 0 0 0 0 0 0 0 0 0 0 0 0 0 0 0 0 0 0 0 0 0 0 0 0 0 0 0 0 0 0 0 0 0 0 0 0 0 0 0 0 0 0 0 0 0 0 0 0 0 0 0 0 0 0 0 0 0 0 0 0 0 0 0 0 0 0 0 0 0 0 0 0 0 0 0 0 0 0 0 0 0 0 0 0 0 0 0 0 0 0 0 0 0 0 0 0 0 0 0 0 0 0 0 0 0 0 0 0 0 0 0 0 0 0 0 0 0 
> 1484410199988152:2:tx 2: 1
> 1484410202417504:2:tx 2: 2
> 1484410205776612:2:tx 2: 3
> 1484410210190396:2:tx 2: 4
> 1484410212971663:2:tx 2: 5
> 1484410216487240:2:tx 2: 6
> 1484410220611958:2:tx 2: 7
> 1484410226791130:2:tx 2: 8
> 1484410229506192:2:tx 2: 9
> 1484410232845731:2:tx 2: 10
> 1484410239321817:2:tx 2: 11
> 1484410240297925:2:tx 2: 12
> 1484410245602797:2:tx 2: 13
> 1484410251879777:2:tx 2: 14
> 1484410255438036:2:tx 2: 15
> 1484410255892189:2:
> 1484410255892204:2:LINK STATS to 1: 16 15 0
> 1484410255994134:2: 23066 P 0.18 2 461340 154150 21606 369534 10978288 168734 58062 21606 143164 3619850
> 1484410255994188:2:tx 0 0 0 0 0 0 0 0 0 0 0 0 0 0 0 0 0 0 0 0 0 0 0 0 0 0 0 0 0 0 0 0 0 0 0 0 0 0 0 0 0 0 0 0 0 0 0 0 0 0 0 0 0 0 0 0 0 0 0 0 0 0 0 0 0 0 0 0 0 0 0 0 0 0 0 0 0 0 0 0 0 0 0 0 0 0 0 0 0 0 0 0 0 0 0 0 0 0 0 0 0 0 0 0 0 0 0 0 0 0 0 0 0 0 0 0 0 0 0 0 0 0 0 0 0 0 0 0 
> 1484410256031029:2:rx 0 0 0 0 0 0 0 0 0 0 0 0 0 0 0 0 0 0 0 0 0 0 0 0 0 0 0 0 0 0 0 0 0 0 0 0 0 0 0 0 0 0 0 0 0 0 0 0 0 0 0 0 0 0 0 0 0 0 0 0 0 0 0 0 0 0 0 0 0 0 0 0 0 0 0 0 0 0 0 0 0 0 0 0 0 0 0 0 0 0 0 0 0 0 0 0 0 0 0 0 0 0 0 0 0 0 0 0 0 0 0 0 0 0 0 0 0 0 0 0 0 0 0 0 0 0 0 0 
> 1484410259773413:2:tx 2: 16
> 1484410260304796:2:tx 2: 17
> 1484410265921580:2:tx 2: 18
> 1484410269108718:2:tx 2: 19
> 1484410274100949:2:tx 2: 20
> 1484410277210122:2:tx 2: 21
> 1484410283975390:2:tx 2: 22
> 1484410286186056:2:tx 2: 23
> 1484410288193689:2:tx 2: 24
> 1484410294810812:2:tx 2: 25
> 1484410297919813:2:tx 2: 26
> 1484410301044440:2:tx 2: 27
> 1484410304341192:2:tx 2: 28
> 1484410311075206:2:tx 2: 29
> 1484410315888593:2:
> 1484410315888615:2:LINK STATS to 1: 14 14 0
> 1484410315990942:2: 30746 P 0.18 3 625592 221708 36810 519686 14596044 164252 67558 15204 150152 3617756
> 1484410315990998:2:tx 0 0 0 0 0 0 0 0 0 0 0 0 0 0 0 0 0 0 0 0 0 0 0 0 0 0 0 0 0 0 0 0 0 0 0 0 0 0 0 0 0 0 0 0 0 0 0 0 0 0 0 0 0 0 0 0 0 0 0 0 0 0 0 0 0 0 0 0 0 0 0 0 0 0 0 0 0 0 0 0 0 0 0 0 0 0 0 0 0 0 0 0 0 0 0 0 0 0 0 0 0 0 0 0 0 0 0 0 0 0 0 0 0 0 0 0 0 0 0 0 0 0 0 0 0 0 0 0 
> 1484410316027810:2:rx 0 0 0 0 0 0 0 0 0 0 0 0 0 0 0 0 0 0 0 0 0 0 0 0 0 0 0 0 0 0 0 0 0 0 0 0 0 0 0 0 0 0 0 0 0 0 0 0 0 0 0 0 0 0 0 0 0 0 0 0 0 0 0 0 0 0 0 0 0 0 0 0 0 0 0 0 0 0 0 0 0 0 0 0 0 0 0 0 0 0 0 0 0 0 0 0 0 0 0 0 0 0 0 0 0 0 0 0 0 0 0 0 0 0 0 0 0 0 0 0 0 0 0 0 0 0 0 0 
> 1484410316028878:2:tx 2: 30
> 1484410319340190:2:tx 2: 31
> 1484410322363586:2:tx 2: 32
> 1484410327230494:2:tx 2: 33
> 1484410329831977:2:tx 2: 34
> 1484410334183305:2:tx 2: 35
> 1484410339846948:2:tx 2: 36
> 1484410343409194:2:tx 2: 37
> 1484410345932319:2:tx 2: 38
> 1484410351322758:2:tx 2: 39
> 1484410355533289:2:tx 2: 40
> 1484410358408242:2:tx 2: 41
> 1484410362623396:2:tx 2: 42
> 1484410365087524:2:tx 2: 43
> 1484410368642088:2:tx 2: 44
> 1484410373118454:2:tx 2: 45
> 1484410375885059:2:
> 1484410375885085:2:LINK STATS to 1: 16 16 0
> 1484410375987713:2: 38426 P 0.18 4 790310 407256 54436 784376 18098796 164718 185548 17626 264690 3502752
> 1484410375987764:2:tx 0 0 0 0 0 0 0 0 0 0 0 0 0 0 0 0 0 0 0 0 0 0 0 0 0 0 0 0 0 0 0 0 0 0 0 0 0 0 0 0 0 0 0 0 0 0 0 0 0 0 0 0 0 0 0 0 0 0 0 0 0 0 0 0 0 0 0 0 0 0 0 0 0 0 0 0 0 0 0 0 0 0 0 0 0 0 0 0 0 0 0 0 0 0 0 0 0 0 0 0 0 0 0 0 0 0 0 0 0 0 0 0 0 0 0 0 0 0 0 0 0 0 0 0 0 0 0 0 
> 1484410376023631:2:rx 0 0 0 0 0 0 0 0 0 0 0 0 0 0 0 0 0 0 0 0 0 0 0 0 0 0 0 0 0 0 0 0 0 0 0 0 0 0 0 0 0 0 0 0 0 0 0 0 0 0 0 0 0 0 0 0 0 0 0 0 0 0 0 0 0 0 0 0 0 0 0 0 0 0 0 0 0 0 0 0 0 0 0 0 0 0 0 0 0 0 0 0 0 0 0 0 0 0 0 0 0 0 0 0 0 0 0 0 0 0 0 0 0 0 0 0 0 0 0 0 0 0 0 0 0 0 0 0 
> 1484410377852350:2:tx 2: 46
> 1484410380305555:2:tx 2: 47
> 1484410384492909:2:tx 2: 48
> 1484410390921968:2:tx 2: 49
> 1484410393246511:2:tx 2: 50
> 1484410397562386:2:tx 2: 51
> 1484410404006807:2:tx 2: 52
> 1484410408022405:2:tx 2: 53
> 1484410411256453:2:tx 2: 54
> 1484410413350751:2:tx 2: 55
> 1484410417537680:2:tx 2: 56
> 1484410420459361:2:tx 2: 57
> 1484410426286897:2:tx 2: 58
> 1484410428505527:2:tx 2: 59
> 1484410432081833:2:--- Network status ---
> 1484410432081862:2:-- Server IPv6 addresses:
> 1484410432081873:2:-- fd00::212:4b00:0:fe02
> 1484410432081880:2:-- fe80::212:4b00:0:fe02
> 1484410432081888:2:-- Default route:
> 1484410432081894:2:-- None
> 1484410432081898:2:-- Routing entries (1 in total):
> 1484410432081907:2:-- fd00::212:4b00:0:fe01 via fd00::212:4b00:0:fe01 (lifetime: 0 seconds)
> 1484410432081934:2:----------------------
> 1484410435684874:2:tx 2: 60
> 1484410436147429:2: 46127 P 0.18 5 982162 475000 132116 980230 21653978 191852 67744 77680 195854 3555182
> 1484410436147489:2:tx 0 0 0 0 0 0 0 0 0 0 0 0 0 0 0 0 0 0 0 0 0 0 0 0 0 0 0 0 0 0 0 0 0 0 0 0 0 0 0 0 0 0 0 0 0 0 0 0 0 0 0 0 0 0 0 0 0 0 0 0 0 0 0 0 0 0 0 0 0 0 0 0 0 0 0 0 0 0 0 0 0 0 0 0 0 0 0 0 0 0 0 0 0 0 0 0 0 0 0 0 0 0 0 0 0 0 0 0 0 0 0 0 0 0 0 0 0 0 0 0 0 0 0 0 0 0 0 0 
> 1484410436172415:2:rx 0 0 0 0 0 0 0 0 0 0 0 0 0 0 0 0 0 0 0 0 0 0 0 0 0 0 0 0 0 0 0 0 0 0 0 0 0 0 0 0 0 0 0 0 0 0 0 0 0 0 0 0 0 0 0 0 0 0 0 0 0 0 0 0 0 0 0 0 0 0 0 0 0 0 0 0 0 0 0 0 0 0 0 0 0 0 0 0 0 0 0 0 0 0 0 0 0 0 0 0 0 0 0 0 0 0 0 0 0 0 0 0 0 0 0 0 0 0 0 0 0 0 0 0 0 0 0 0 
> 1484410436183544:2:
> 1484410436183551:2:LINK STATS to 1: 30 12 0
> 1484410436768133:2:tx 2: 61
> 1484410442981791:2:tx 2: 62
> 1484410447473450:2:tx 2: 63
> 1484410449426372:2:tx 2: 64
> 1484410452465255:2:tx 2: 65
> 1484410456550819:2:tx 2: 66
> 1484410464151960:2:tx 2: 67
> 1484410468206402:2:tx 2: 68
> 1484410469374500:2:tx 2: 69
> 1484410475432371:2:tx 2: 70
> 1484410479533775:2:tx 2: 71
> 1484410481447640:2:tx 2: 72
> 1484410487190004:2:tx 2: 73
> 1484410489134646:2:tx 2: 74
> 1484410494267297:2:tx 2: 75
> 1484410495878037:2:
> 1484410495878062:2:LINK STATS to 1: 87 9 0
> 1484410495980330:2: 53786 P 0.18 6 1279742 716074 453980 1529980 24728080 297580 241074 321864 549750 3074102
> 1484410495980431:2:tx 0 0 0 0 0 0 0 0 0 0 0 0 0 0 0 0 0 0 0 0 0 0 0 0 0 0 0 0 0 0 0 0 0 0 0 0 0 0 0 0 0 0 0 0 0 0 0 0 0 0 0 0 0 0 0 0 0 0 0 0 0 0 0 0 0 0 0 0 0 0 0 0 0 0 0 0 0 0 0 0 0 0 0 0 0 0 0 0 0 0 0 0 0 0 0 0 0 0 0 0 0 0 0 0 0 0 0 0 0 0 0 0 0 0 0 0 0 0 0 0 0 0 0 0 0 0 0 0 
> 1484410496017512:2:rx 0 0 0 0 0 0 0 0 0 0 0 0 0 0 0 0 0 0 0 0 0 0 0 0 0 0 0 0 0 0 0 0 0 0 0 0 0 0 0 0 0 0 0 0 0 0 0 0 0 0 0 0 0 0 0 0 0 0 0 0 0 0 0 0 0 0 0 0 0 0 0 0 0 0 0 0 0 0 0 0 0 0 0 0 0 0 0 0 0 0 0 0 0 0 0 0 0 0 0 0 0 0 0 0 0 0 0 0 0 0 0 0 0 0 0 0 0 0 0 0 0 0 0 0 0 0 0 0 
> 1484410496829816:2:tx 2: 76
> 1484410501829486:2:tx 2: 77
> 1484410506047730:2:tx 2: 78
> 1484410511844535:2:tx 2: 79
> 1484410513977259:2:tx 2: 80
> 1484410516969293:2:tx 2: 81
> 1484410522914174:2:tx 2: 82
> 1484410524672013:2:tx 2: 83
> 1484410531687050:2:tx 2: 84
> 1484410534569735:2:tx 2: 85
> 1484410537913296:2:tx 2: 86
> 1484410544248674:2:tx 2: 87
> 1484410548287572:2:tx 2: 88
> 1484410551670452:2:tx 2: 89
> 1484410553834482:2:tx 2: 90
> 1484410555874407:2:
> 1484410555874445:2:LINK STATS to 1: 15 15 0
> 1484410555977146:2: 61466 P 0.18 7 1453236 794656 473364 1697602 28319124 173494 78582 19384 167622 3591044
> 1484410555977298:2:tx 0 0 0 0 0 0 0 0 0 0 0 0 0 0 0 0 0 0 0 0 0 0 0 0 0 0 0 0 0 0 0 0 0 0 0 0 0 0 0 0 0 0 0 0 0 0 0 0 0 0 0 0 0 0 0 0 0 0 0 0 0 0 0 0 0 0 0 0 0 0 0 0 0 0 0 0 0 0 0 0 0 0 0 0 0 0 0 0 0 0 0 0 0 0 0 0 0 0 0 0 0 0 0 0 0 0 0 0 0 0 0 0 0 0 0 0 0 0 0 0 0 0 0 0 0 0 0 0 
> 1484410556013033:2:rx 0 0 0 0 0 0 0 0 0 0 0 0 0 0 0 0 0 0 0 0 0 0 0 0 0 0 0 0 0 0 0 0 0 0 0 0 0 0 0 0 0 0 0 0 0 0 0 0 0 0 0 0 0 0 0 0 0 0 0 0 0 0 0 0 0 0 0 0 0 0 0 0 0 0 0 0 0 0 0 0 0 0 0 0 0 0 0 0 0 0 0 0 0 0 0 0 0 0 0 0 0 0 0 0 0 0 0 0 0 0 0 0 0 0 0 0 0 0 0 0 0 0 0 0 0 0 0 0 
> 1484410560051006:2:tx 2: 91
> 1484410563138228:2:tx 2: 92
> 1484410566609276:2:tx 2: 93
> 1484410571379896:2:tx 2: 94
> 1484410575575241:2:tx 2: 95
> 1484410578202833:2:tx 2: 96
> 1484410583939205:2:tx 2: 97
> 1484410585832460:2:tx 2: 98
> 1484410590433688:2:tx 2: 99
> 1484410595245732:2:tx 2: 100
> 1484410596949240:2:tx 2: 101
> 1484410602667677:2:tx 2: 102
> 1484410604604918:2:tx 2: 103
> 1484410609393492:2:tx 2: 104
> 1484410614358465:2:tx 2: 105
> 1484410615870805:2:
> 1484410615870836:2:LINK STATS to 1: 33 13 0
> 1484410615972937:2: 69146 P 0.18 8 1647456 1388754 549736 2402268 31352398 194220 594098 76372 704666 3033274
> 1484410615973040:2:tx 0 0 0 0 0 0 0 0 0 0 0 0 0 0 0 0 0 0 0 0 0 0 0 0 0 0 0 0 0 0 0 0 0 0 0 0 0 0 0 0 0 0 0 0 0 0 0 0 0 0 0 0 0 0 0 0 0 0 0 0 0 0 0 0 0 0 0 0 0 0 0 0 0 0 0 0 0 0 0 0 0 0 0 0 0 0 0 0 0 0 0 0 0 0 0 0 0 0 0 0 0 0 0 0 0 0 0 0 0 0 0 0 0 0 0 0 0 0 0 0 0 0 0 0 0 0 0 0 
> 1484410616010022:2:rx 0 0 0 0 0 0 0 0 0 0 0 0 0 0 0 0 0 0 0 0 0 0 0 0 0 0 0 0 0 0 0 0 0 0 0 0 0 0 0 0 0 0 0 0 0 0 0 0 0 0 0 0 0 0 0 0 0 0 0 0 0 0 0 0 0 0 0 0 0 0 0 0 0 0 0 0 0 0 0 0 0 0 0 0 0 0 0 0 0 0 0 0 0 0 0 0 0 0 0 0 0 0 0 0 0 0 0 0 0 0 0 0 0 0 0 0 0 0 0 0 0 0 0 0 0 0 0 0 
> 1484410616768125:2:tx 2: 106
> 1484410622806967:2:tx 2: 107
> 1484410626830053:2:tx 2: 108
> 1484410631353493:2:tx 2: 109
> 1484410635634123:2:tx 2: 110
> 1484410638626203:2:tx 2: 111
> 1484410642040135:2:tx 2: 112
> 1484410647227720:2:tx 2: 113
> 1484410652305168:2:tx 2: 114
> 1484410655648701:2:tx 2: 115
> 1484410657789208:2:tx 2: 116
> 1484410662085804:2:tx 2: 117
> 1484410666561957:2:tx 2: 118
> 1484410670678891:2:tx 2: 119
> 1484410672512602:2:--- Network status ---
> 1484410672512653:2:-- Server IPv6 addresses:
> 1484410672512669:2:-- fd00::212:4b00:0:fe02
> 1484410672512679:2:-- fe80::212:4b00:0:fe02
> 1484410672512693:2:-- Default route:
> 1484410672512702:2:-- None
> 1484410672512711:2:-- Routing entries (1 in total):
> 1484410672512725:2:-- fd00::212:4b00:0:fe01 via fd00::212:4b00:0:fe01 (lifetime: 0 seconds)
> 1484410672512761:2:----------------------
> 1484410674999015:2:tx 2: 120
> 1484410675867485:2:
> 1484410675867527:2:LINK STATS to 1: 16 15 0
> 1484410675969611:2: 76826 P 0.18 9 1812776 1441406 568022 2538904 34982602 165320 52652 18286 136636 3630204
> 1484410675969728:2:tx 0 0 0 0 0 0 0 0 0 0 0 0 0 0 0 0 0 0 0 0 0 0 0 0 0 0 0 0 0 0 0 0 0 0 0 0 0 0 0 0 0 0 0 0 0 0 0 0 0 0 0 0 0 0 0 0 0 0 0 0 0 0 0 0 0 0 0 0 0 0 0 0 0 0 0 0 0 0 0 0 0 0 0 0 0 0 0 0 0 0 0 0 0 0 0 0 0 0 0 0 0 0 0 0 0 0 0 0 0 0 0 0 0 0 0 0 0 0 0 0 0 0 0 0 0 0 0 0 
> 1484410676006730:2:rx 0 0 0 0 0 0 0 0 0 0 0 0 0 0 0 0 0 0 0 0 0 0 0 0 0 0 0 0 0 0 0 0 0 0 0 0 0 0 0 0 0 0 0 0 0 0 0 0 0 0 0 0 0 0 0 0 0 0 0 0 0 0 0 0 0 0 0 0 0 0 0 0 0 0 0 0 0 0 0 0 0 0 0 0 0 0 0 0 0 0 0 0 0 0 0 0 0 0 0 0 0 0 0 0 0 0 0 0 0 0 0 0 0 0 0 0 0 0 0 0 0 0 0 0 0 0 0 0 
> 1484410677990999:2:tx 2: 121
> 1484410682604559:2:tx 2: 122
> 1484410685170630:2:tx 2: 123
> 1484410690927876:2:tx 2: 124
> 1484410692670015:2:tx 2: 125
> 1484410698693156:2:tx 2: 126
> 1484410703419248:2:tx 2: 127
> 1484410705325481:2:tx 2: 128
> 1484410711715918:2:tx 2: 129
> 1484410715316949:2:tx 2: 130
> 1484410717676181:2:tx 2: 131
> 1484410721918410:2:tx 2: 132
> 1484410726027323:2:tx 2: 133
> 1484410728870705:2:tx 2: 134
> 1484410734495550:2:tx 2: 135
> 1484410735863963:2:
> 1484410735864003:2:LINK STATS to 1: 15 15 0
> 1484410735966494:2: 84506 P 0.18 10 1976202 1493662 584326 2679848 38610392 163426 52256 16304 140944 3627790
> 1484410735966653:2:tx 0 0 0 0 0 0 0 0 0 0 0 0 0 0 0 0 0 0 0 0 0 0 0 0 0 0 0 0 0 0 0 0 0 0 0 0 0 0 0 0 0 0 0 0 0 0 0 0 0 0 0 0 0 0 0 0 0 0 0 0 0 0 0 0 0 0 0 0 0 0 0 0 0 0 0 0 0 0 0 0 0 0 0 0 0 0 0 0 0 0 0 0 0 0 0 0 0 0 0 0 0 0 0 0 0 0 0 0 0 0 0 0 0 0 0 0 0 0 0 0 0 0 0 0 0 0 0 0 
> 1484410736002661:2:rx 0 0 0 0 0 0 0 0 0 0 0 0 0 0 0 0 0 0 0 0 0 0 0 0 0 0 0 0 0 0 0 0 0 0 0 0 0 0 0 0 0 0 0 0 0 0 0 0 0 0 0 0 0 0 0 0 0 0 0 0 0 0 0 0 0 0 0 0 0 0 0 0 0 0 0 0 0 0 0 0 0 0 0 0 0 0 0 0 0 0 0 0 0 0 0 0 0 0 0 0 0 0 0 0 0 0 0 0 0 0 0 0 0 0 0 0 0 0 0 0 0 0 0 0 0 0 0 0 
> 1484410739214122:2:tx 2: 136
> 1484410744361777:2:tx 2: 137
> 1484410748158941:2:tx 2: 138
> 1484410749439772:2:tx 2: 139
> 1484410753119238:2:tx 2: 140
> 1484410757080513:2:tx 2: 141
> 1484410762376674:2:tx 2: 142
> 1484410765657814:2:tx 2: 143
> 1484410772133836:2:tx 2: 144
> 1484410776133712:2:tx 2: 145
> 1484410778438360:2:tx 2: 146
> 1484410780953759:2:tx 2: 147
> 1484410786598398:2:tx 2: 148
> 1484410790742335:2:tx 2: 149
> 1484410794148395:2:tx 2: 150
> 1484410795860214:2:
> 1484410795860247:2:LINK STATS to 1: 21 15 0
> 1484410795962201:2: 92186 P 0.18 11 2150050 1549432 611638 2830546 42218006 173848 55770 27312 150698 3607614
> 1484410795962397:2:tx 0 0 0 0 0 0 0 0 0 0 0 0 0 0 0 0 0 0 0 0 0 0 0 0 0 0 0 0 0 0 0 0 0 0 0 0 0 0 0 0 0 0 0 0 0 0 0 0 0 0 0 0 0 0 0 0 0 0 0 0 0 0 0 0 0 0 0 0 0 0 0 0 0 0 0 0 0 0 0 0 0 0 0 0 0 0 0 0 0 0 0 0 0 0 0 0 0 0 0 0 0 0 0 0 0 0 0 0 0 0 0 0 0 0 0 0 0 0 0 0 0 0 0 0 0 0 0 0 
> 1484410795999367:2:rx 0 0 0 0 0 0 0 0 0 0 0 0 0 0 0 0 0 0 0 0 0 0 0 0 0 0 0 0 0 0 0 0 0 0 0 0 0 0 0 0 0 0 0 0 0 0 0 0 0 0 0 0 0 0 0 0 0 0 0 0 0 0 0 0 0 0 0 0 0 0 0 0 0 0 0 0 0 0 0 0 0 0 0 0 0 0 0 0 0 0 0 0 0 0 0 0 0 0 0 0 0 0 0 0 0 0 0 0 0 0 0 0 0 0 0 0 0 0 0 0 0 0 0 0 0 0 0 0 
> 1484410800347587:2:tx 2: 151
> 1484410803132275:2:tx 2: 152
> 1484410807077488:2:tx 2: 153
> 1484410812303730:2:tx 2: 154
> 1484410814123687:2:tx 2: 155
> 1484410820428025:2:tx 2: 156
> 1484410821068688:2:tx 2: 157
> 1484410828201035:2:tx 2: 158
> 1484410831470744:2:tx 2: 159
> 1484410836419347:2:tx 2: 160
> 1484410839747218:2:tx 2: 161
> 1484410841208385:2:tx 2: 162
> 1484410845879600:2:tx 2: 163
> 1484410849996441:2:tx 2: 164
> 1484410855856831:2:
> 1484410855856870:2:LINK STATS to 1: 27 13 0
> 1484410855959185:2: 99866 P 0.18 12 2335934 1609258 650614 2993602 45801226 185884 59826 38976 163056 3583220
> 1484410855959336:2:tx 0 0 0 0 0 0 0 0 0 0 0 0 0 0 0 0 0 0 0 0 0 0 0 0 0 0 0 0 0 0 0 0 0 0 0 0 0 0 0 0 0 0 0 0 0 0 0 0 0 0 0 0 0 0 0 0 0 0 0 0 0 0 0 0 0 0 0 0 0 0 0 0 0 0 0 0 0 0 0 0 0 0 0 0 0 0 0 0 0 0 0 0 0 0 0 0 0 0 0 0 0 0 0 0 0 0 0 0 0 0 0 0 0 0 0 0 0 0 0 0 0 0 0 0 0 0 0 0 
> 1484410855996284:2:rx 0 0 0 0 0 0 0 0 0 0 0 0 0 0 0 0 0 0 0 0 0 0 0 0 0 0 0 0 0 0 0 0 0 0 0 0 0 0 0 0 0 0 0 0 0 0 0 0 0 0 0 0 0 0 0 0 0 0 0 0 0 0 0 0 0 0 0 0 0 0 0 0 0 0 0 0 0 0 0 0 0 0 0 0 0 0 0 0 0 0 0 0 0 0 0 0 0 0 0 0 0 0 0 0 0 0 0 0 0 0 0 0 0 0 0 0 0 0 0 0 0 0 0 0 0 0 0 0 
> 1484410856425717:2:tx 2: 165
> 1484410857285398:2:tx 2: 166
> 1484410860894363:2:tx 2: 167
> 1484410866323783:2:tx 2: 168
> 1484410870058011:2:tx 2: 169
> 1484410873862241:2:tx 2: 170
> 1484410877342991:2:tx 2: 171
> 1484410881549252:2:tx 2: 172
> 1484410886252275:2:tx 2: 173
> 1484410890634911:2:tx 2: 174
> 1484410894142378:2:tx 2: 175
> 1484410898150159:2:tx 2: 176
> 1484410903399773:2:tx 2: 177
> 1484410907446465:2:tx 2: 178
> 1484410911329117:2:tx 2: 179
> 1484410912498570:2:--- Network status ---
> 1484410912498634:2:-- Server IPv6 addresses:
> 1484410912498673:2:-- fd00::212:4b00:0:fe02
> 1484410912498700:2:-- fe80::212:4b00:0:fe02
> 1484410912498733:2:-- Default route:
> 1484410912498754:2:-- None
> 1484410912498771:2:-- Routing entries (1 in total):
> 1484410912498806:2:-- fd00::212:4b00:0:fe01 via fd00::212:4b00:0:fe01 (lifetime: 0 seconds)
> 1484410912498905:2:----------------------
> 1484410912601845:2:tx 2: 180
> 1484410915853310:2:
> 1484410915853342:2:LINK STATS to 1: 40 13 0
> 1484410915956090:2: 107546 P 0.18 13 2548284 1686690 774268 3238174 49276464 212350 77432 123654 244572 3475238
> 1484410915956222:2:tx 0 0 0 0 0 0 0 0 0 0 0 0 0 0 0 0 0 0 0 0 0 0 0 0 0 0 0 0 0 0 0 0 0 0 0 0 0 0 0 0 0 0 0 0 0 0 0 0 0 0 0 0 0 0 0 0 0 0 0 0 0 0 0 0 0 0 0 0 0 0 0 0 0 0 0 0 0 0 0 0 0 0 0 0 0 0 0 0 0 0 0 0 0 0 0 0 0 0 0 0 0 0 0 0 0 0 0 0 0 0 0 0 0 0 0 0 0 0 0 0 0 0 0 0 0 0 0 0 
> 1484410915992010:2:rx 0 0 0 0 0 0 0 0 0 0 0 0 0 0 0 0 0 0 0 0 0 0 0 0 0 0 0 0 0 0 0 0 0 0 0 0 0 0 0 0 0 0 0 0 0 0 0 0 0 0 0 0 0 0 0 0 0 0 0 0 0 0 0 0 0 0 0 0 0 0 0 0 0 0 0 0 0 0 0 0 0 0 0 0 0 0 0 0 0 0 0 0 0 0 0 0 0 0 0 0 0 0 0 0 0 0 0 0 0 0 0 0 0 0 0 0 0 0 0 0 0 0 0 0 0 0 0 0 
> 1484410917148980:2:tx 2: 181
> 1484410922304788:2:tx 2: 182
> 1484410928007565:2:tx 2: 183
> 1484410930339747:2:tx 2: 184
> 1484410934913701:2:tx 2: 185
> 1484410939210360:2:tx 2: 186
> 1484410941975334:2:tx 2: 187
> 1484410947213986:2:tx 2: 188
> 1484410948780131:2:tx 2: 189
> 1484410954396787:2:tx 2: 190
> 1484410957935565:2:tx 2: 191
> 1484410963848907:2:tx 2: 192
> 1484410967286524:2:tx 2: 193
> 1484410970427195:2:tx 2: 194
> 1484410972645581:2:tx 2: 195
> 1484410975849750:2:
> 1484410975849759:2:LINK STATS to 1: 44 13 0
> 1484410975951494:2: 115226 P 0.18 14 2764600 1761762 870458 3456434 52774048 216316 75072 96190 218260 3497584
> 1484410975951569:2:tx 0 0 0 0 0 0 0 0 0 0 0 0 0 0 0 0 0 0 0 0 0 0 0 0 0 0 0 0 0 0 0 0 0 0 0 0 0 0 0 0 0 0 0 0 0 0 0 0 0 0 0 0 0 0 0 0 0 0 0 0 0 0 0 0 0 0 0 0 0 0 0 0 0 0 0 0 0 0 0 0 0 0 0 0 0 0 0 0 0 0 0 0 0 0 0 0 0 0 0 0 0 0 0 0 0 0 0 0 0 0 0 0 0 0 0 0 0 0 0 0 0 0 0 0 0 0 0 0 
> 1484410975988624:2:rx 0 0 0 0 0 0 0 0 0 0 0 0 0 0 0 0 0 0 0 0 0 0 0 0 0 0 0 0 0 0 0 0 0 0 0 0 0 0 0 0 0 0 0 0 0 0 0 0 0 0 0 0 0 0 0 0 0 0 0 0 0 0 0 0 0 0 0 0 0 0 0 0 0 0 0 0 0 0 0 0 0 0 0 0 0 0 0 0 0 0 0 0 0 0 0 0 0 0 0 0 0 0 0 0 0 0 0 0 0 0 0 0 0 0 0 0 0 0 0 0 0 0 0 0 0 0 0 0 
> 1484410979793491:2:tx 2: 196
> 1484410983711826:2:tx 2: 197
> 1484410986144780:2:tx 2: 198
> 1484410991902495:2:tx 2: 199
> 1484410994586141:2:tx 2: 200
> 1484410999503274:2:tx 2: 201
> 1484411003729587:2:tx 2: 202
> 1484411008393567:2:tx 2: 203
> 1484411009979007:2:tx 2: 204
> 1484411014369740:2:tx 2: 205
> 1484411017986668:2:tx 2: 206
