connecting to /dev/ttyUSB4 (115200) [OK]
> 1484408539103478:5:
> 1484408539103508:5:LINK STATS to 1: 4 4 0
> 1484408539216062:5: 7705 P 0.18 0 266100 234844 290 58162 3619442 266100 234844 290 58162 3619442
> 1484408539216155:5:tx 0 0 0 0 0 0 0 0 0 0 0 0 0 0 0 0 0 0 0 0 0 4 0 0 0 0 0 0 0 0 0 0 0 0 0 0 0 0 0 0 0 0 0 0 0 0 0 0 0 0 0 0 0 0 0 0 0 0 0 0 0 0 0 0 0 0 0 0 0 0 0 0 0 0 0 0 0 0 0 0 0 0 0 0 0 0 0 0 0 0 0 0 0 0 0 0 0 0 0 0 0 0 0 0 0 0 0 0 0 0 0 0 0 0 0 0 0 0 0 0 0 0 0 0 0 0 0 0 
> 1484408539241366:5:rx 0 0 0 0 0 0 0 0 0 0 0 0 0 0 0 0 0 0 0 0 0 0 0 0 0 0 0 0 0 0 0 0 0 0 0 0 0 0 0 0 0 0 0 0 0 0 0 0 0 0 0 0 0 0 0 0 0 0 0 0 0 0 0 0 0 0 0 0 0 0 0 0 0 0 0 0 0 0 0 0 0 0 0 0 0 0 0 0 0 0 0 0 0 0 0 0 0 0 0 0 0 0 0 0 0 0 0 0 0 0 0 0 0 0 0 0 0 0 0 0 0 0 0 0 0 0 0 0 
> 1484408599098545:5:
> 1484408599098565:5:LINK STATS to 1: 6 6 0
> 1484408599210956:5: 15385 P 0.18 1 297720 236324 722 112934 7463938 31620 1480 432 54772 3844496
> 1484408599211027:5:tx 0 0 0 0 0 0 0 0 0 0 0 0 0 0 0 0 0 0 0 0 0 10 0 0 0 0 0 0 0 0 0 0 0 0 0 0 0 0 0 0 0 0 0 0 0 0 0 0 0 0 0 0 0 0 0 0 0 0 0 0 0 0 0 0 0 0 0 0 0 0 0 0 0 0 0 0 0 0 0 0 0 0 0 0 0 0 0 0 0 0 0 0 0 0 0 0 0 0 0 0 0 0 0 0 0 0 0 0 0 0 0 0 0 0 0 0 0 0 0 0 0 0 0 0 0 0 0 0 
> 1484408599236148:5:rx 0 0 0 0 0 0 0 0 0 0 0 0 0 0 0 0 0 0 0 0 0 0 0 0 0 0 0 0 0 0 0 0 0 0 0 0 0 0 0 0 0 0 0 0 0 0 0 0 0 0 0 0 0 0 0 0 0 0 0 0 0 0 0 0 0 0 0 0 0 0 0 0 0 0 0 0 0 0 0 0 0 0 0 0 0 0 0 0 0 0 0 0 0 0 0 0 0 0 0 0 0 0 0 0 0 0 0 0 0 0 0 0 0 0 0 0 0 0 0 0 0 0 0 0 0 0 0 0 
> 1484408600652208:5:tx 5: 1
> 1484408604878221:5:tx 5: 2
> 1484408609178652:5:tx 5: 3
> 1484408612609830:5:tx 5: 4
> 1484408617689446:5:tx 5: 5
> 1484408620560203:5:tx 5: 6
> 1484408623690026:5:tx 5: 7
> 1484408628628785:5:tx 5: 8
> 1484408631428900:5:tx 5: 9
> 1484408638569042:5:tx 5: 10
> 1484408642854174:5:tx 5: 11
> 1484408643868225:5:tx 5: 12
> 1484408649046237:5:tx 5: 13
> 1484408652990330:5:tx 5: 14
> 1484408658176148:5:tx 5: 15
> 1484408659093867:5:
> 1484408659093901:5:LINK STATS to 1: 15 15 0
> 1484408659214018:5: 23065 P 0.18 2 334018 240064 4022 173938 11296460 36298 3740 3300 61004 3832522
> 1484408659214167:5:tx 0 0 0 0 0 0 0 0 0 0 0 0 0 0 0 0 0 0 0 0 0 10 0 0 0 0 0 0 0 0 0 0 0 0 0 0 0 0 0 0 0 0 0 0 0 0 0 0 0 0 0 0 0 0 0 0 0 0 0 0 0 0 0 0 0 0 0 0 0 0 0 0 0 0 0 0 0 0 0 0 0 0 0 0 0 0 0 0 0 0 0 15 0 0 0 0 0 0 0 0 0 0 0 0 0 0 0 0 0 0 0 0 0 0 0 0 0 0 0 0 0 0 0 0 0 0 0 0 
> 1484408659239051:5:rx 0 0 0 0 0 0 0 0 0 0 0 0 0 0 0 0 0 0 0 0 0 0 0 0 0 0 0 0 0 0 0 0 0 0 0 0 0 0 0 0 0 0 0 0 0 0 0 0 0 0 0 0 0 0 0 0 0 0 0 0 0 0 0 0 0 0 0 0 0 0 0 0 0 0 0 0 0 0 0 0 0 0 0 0 0 0 0 0 0 0 0 0 0 0 0 0 0 0 0 0 0 0 0 0 0 0 0 0 0 0 0 0 0 0 0 0 0 0 0 0 0 0 0 0 0 0 0 0 
> 1484408661990435:5:tx 5: 16
> 1484408663851172:5:tx 5: 17
> 1484408669839618:5:tx 5: 18
> 1484408671950953:5:tx 5: 19
> 1484408678232820:5:tx 5: 20
> 1484408679564762:5:tx 5: 21
> 1484408687241413:5:tx 5: 22
> 1484408691161740:5:tx 5: 23
> 1484408693887938:5:tx 5: 24
> 1484408696770452:5:tx 5: 25
> 1484408701529305:5:tx 5: 26
> 1484408705716061:5:tx 5: 27
> 1484408708336413:5:tx 5: 28
> 1484408715002343:5:tx 5: 29
> 1484408718703823:5:tx 5: 30
> 1484408719089070:5:
> 1484408719089104:5:LINK STATS to 1: 15 15 0
> 1484408719209954:5: 30745 P 0.18 3 369866 243830 7322 231350 15132502 35848 3766 3300 57412 3836042
> 1484408719210120:5:tx 0 0 0 0 0 0 0 0 0 0 0 0 0 0 0 0 0 0 0 0 0 10 0 0 0 0 0 0 0 0 0 0 0 0 0 0 0 0 0 0 0 0 0 0 0 0 0 0 0 0 0 0 0 0 0 0 0 0 0 0 0 0 0 0 0 0 0 0 0 0 0 0 0 0 0 0 0 0 0 0 0 0 0 0 0 0 0 0 0 0 0 30 0 0 0 0 0 0 0 0 0 0 0 0 0 0 0 0 0 0 0 0 0 0 0 0 0 0 0 0 0 0 0 0 0 0 0 0 
> 1484408719233890:5:rx 0 0 0 0 0 0 0 0 0 0 0 0 0 0 0 0 0 0 0 0 0 0 0 0 0 0 0 0 0 0 0 0 0 0 0 0 0 0 0 0 0 0 0 0 0 0 0 0 0 0 0 0 0 0 0 0 0 0 0 0 0 0 0 0 0 0 0 0 0 0 0 0 0 0 0 0 0 0 0 0 0 0 0 0 0 0 0 0 0 0 0 0 0 0 0 0 0 0 0 0 0 0 0 0 0 0 0 0 0 0 0 0 0 0 0 0 0 0 0 0 0 0 0 0 0 0 0 0 
> 1484408721453356:5:tx 5: 31
> 1484408723419505:5:tx 5: 32
> 1484408727958762:5:tx 5: 33
> 1484408733034777:5:tx 5: 34
> 1484408738588598:5:tx 5: 35
> 1484408743049557:5:tx 5: 36
> 1484408744444113:5:tx 5: 37
> 1484408750421051:5:tx 5: 38
> 1484408754909177:5:tx 5: 39
> 1484408755684920:5:tx 5: 40
> 1484408759723030:5:tx 5: 41
> 1484408764391762:5:tx 5: 42
> 1484408769126805:5:tx 5: 43
> 1484408771868226:5:tx 5: 44
> 1484408775930131:5:tx 5: 45
> 1484408779092129:5:
> 1484408779092162:5:LINK STATS to 1: 15 15 0
> 1484408779204900:5: 38425 P 0.18 4 405522 247538 10622 299024 18958484 35656 3708 3300 67674 3825982
> 1484408779205063:5:tx 0 0 0 0 0 0 0 0 0 0 0 0 0 0 0 0 0 0 0 0 0 10 0 0 0 0 0 0 0 0 0 0 0 0 0 0 0 0 0 0 0 0 0 0 0 0 0 0 0 0 0 0 0 0 0 0 0 0 0 0 0 0 0 0 0 0 0 0 0 0 0 0 0 0 0 0 0 0 0 0 0 0 0 0 0 0 0 0 0 0 0 45 0 0 0 0 0 0 0 0 0 0 0 0 0 0 0 0 0 0 0 0 0 0 0 0 0 0 0 0 0 0 0 0 0 0 0 0 
> 1484408779228998:5:rx 0 0 0 0 0 0 0 0 0 0 0 0 0 0 0 0 0 0 0 0 0 0 0 0 0 0 0 0 0 0 0 0 0 0 0 0 0 0 0 0 0 0 0 0 0 0 0 0 0 0 0 0 0 0 0 0 0 0 0 0 0 0 0 0 0 0 0 0 0 0 0 0 0 0 0 0 0 0 0 0 0 0 0 0 0 0 0 0 0 0 0 0 0 0 0 0 0 0 0 0 0 0 0 0 0 0 0 0 0 0 0 0 0 0 0 0 0 0 0 0 0 0 0 0 0 0 0 0 
> 1484408780539875:5:tx 5: 46
> 1484408784750478:5:tx 5: 47
> 1484408791106704:5:tx 5: 48
> 1484408791400505:5:tx 5: 49
> 1484408796461059:5:tx 5: 50
> 1484408800737671:5:tx 5: 51
> 1484408807016445:5:tx 5: 52
> 1484408808293190:5:tx 5: 53
> 1484408812276181:5:tx 5: 54
> 1484408816271353:5:tx 5: 55
> 1484408819925460:5:tx 5: 56
> 1484408823520895:5:tx 5: 57
> 1484408827523966:5:tx 5: 58
> 1484408832067215:5:tx 5: 59
> 1484408835268657:5:--- Network status ---
> 1484408835268710:5:-- Server IPv6 addresses:
> 1484408835268770:5:-- fd00::212:4b00:0:fe05
> 1484408835268794:5:-- fe80::212:4b00:0:fe05
> 1484408835268822:5:-- Default route:
> 1484408835268839:5:-- None
> 1484408835268852:5:-- Routing entries (1 in total):
> 1484408835268881:5:-- fd00::212:4b00:0:fe01 via fd00::212:4b00:0:fe01 (lifetime: 0 seconds)
> 1484408835268951:5:----------------------
> 1484408835893712:5:tx 5: 60
> 1484408839087362:5:
> 1484408839087406:5:LINK STATS to 1: 15 15 0
> 1484408839199723:5: 46105 P 0.18 5 442536 251248 13922 374106 22775690 37014 3710 3300 75082 3817206
> 1484408839199951:5:tx 0 0 0 0 0 0 0 0 0 0 0 0 0 0 0 0 0 0 0 0 0 10 0 0 0 0 0 0 0 0 0 0 0 0 0 0 0 0 0 0 0 0 0 0 0 0 0 0 0 0 0 0 0 0 0 0 0 0 0 0 0 0 0 0 0 0 0 0 0 0 0 0 0 0 0 0 0 0 0 0 0 0 0 0 0 0 0 0 0 0 0 60 0 0 0 0 0 0 0 0 0 0 0 0 0 0 0 0 0 0 0 0 0 0 0 0 0 0 0 0 0 0 0 0 0 0 0 0 
> 1484408839224947:5:rx 0 0 0 0 0 0 0 0 0 0 0 0 0 0 0 0 0 0 0 0 0 0 0 0 0 0 0 0 0 0 0 0 0 0 0 0 0 0 0 0 0 0 0 0 0 0 0 0 0 0 0 0 0 0 0 0 0 0 0 0 0 0 0 0 0 0 0 0 0 0 0 0 0 0 0 0 0 0 0 0 0 0 0 0 0 0 0 0 0 0 0 0 0 0 0 0 0 0 0 0 0 0 0 0 0 0 0 0 0 0 0 0 0 0 0 0 0 0 0 0 0 0 0 0 0 0 0 0 
> 1484408842469838:5:tx 5: 61
> 1484408847072075:5:tx 5: 62
> 1484408848650094:5:tx 5: 63
> 1484408854967646:5:tx 5: 64
> 1484408856416832:5:tx 5: 65
> 1484408862918561:5:tx 5: 66
> 1484408866243647:5:tx 5: 67
> 1484408868797413:5:tx 5: 68
> 1484408873638386:5:tx 5: 69
> 1484408876094114:5:tx 5: 70
> 1484408882760269:5:tx 5: 71
> 1484408884914413:5:tx 5: 72
> 1484408889771026:5:tx 5: 73
> 1484408894944566:5:tx 5: 74
> 1484408896331522:5:tx 5: 75
> 1484408899082019:5:
> 1484408899082056:5:LINK STATS to 1: 15 15 0
> 1484408899194388:5: 53785 P 0.18 6 478294 254944 17222 447942 26595404 35758 3696 3300 73836 3819714
> 1484408899194562:5:tx 0 0 0 0 0 0 0 0 0 0 0 0 0 0 0 0 0 0 0 0 0 10 0 0 0 0 0 0 0 0 0 0 0 0 0 0 0 0 0 0 0 0 0 0 0 0 0 0 0 0 0 0 0 0 0 0 0 0 0 0 0 0 0 0 0 0 0 0 0 0 0 0 0 0 0 0 0 0 0 0 0 0 0 0 0 0 0 0 0 0 0 75 0 0 0 0 0 0 0 0 0 0 0 0 0 0 0 0 0 0 0 0 0 0 0 0 0 0 0 0 0 0 0 0 0 0 0 0 
> 1484408899219665:5:rx 0 0 0 0 0 0 0 0 0 0 0 0 0 0 0 0 0 0 0 0 0 0 0 0 0 0 0 0 0 0 0 0 0 0 0 0 0 0 0 0 0 0 0 0 0 0 0 0 0 0 0 0 0 0 0 0 0 0 0 0 0 0 0 0 0 0 0 0 0 0 0 0 0 0 0 0 0 0 0 0 0 0 0 0 0 0 0 0 0 0 0 0 0 0 0 0 0 0 0 0 0 0 0 0 0 0 0 0 0 0 0 0 0 0 0 0 0 0 0 0 0 0 0 0 0 0 0 0 
> 1484408902676417:5:tx 5: 76
> 1484408904251009:5:tx 5: 77
> 1484408907599713:5:tx 5: 78
> 1484408912217471:5:tx 5: 79
> 1484408918664041:5:tx 5: 80
> 1484408923003967:5:tx 5: 81
> 1484408925580946:5:tx 5: 82
> 1484408929184316:5:tx 5: 83
> 1484408933829297:5:tx 5: 84
> 1484408937186096:5:tx 5: 85
> 1484408942911999:5:tx 5: 86
> 1484408944819421:5:tx 5: 87
> 1484408950502552:5:tx 5: 88
> 1484408953310679:5:tx 5: 89
> 1484408957701467:5:tx 5: 90
> 1484408959077381:5:
> 1484408959077395:5:LINK STATS to 1: 15 15 0
> 1484408959197260:5: 61465 P 0.18 7 514406 258654 20522 517872 30419172 36112 3710 3300 69930 3823768
> 1484408959197314:5:tx 0 0 0 0 0 0 0 0 0 0 0 0 0 0 0 0 0 0 0 0 0 10 0 0 0 0 0 0 0 0 0 0 0 0 0 0 0 0 0 0 0 0 0 0 0 0 0 0 0 0 0 0 0 0 0 0 0 0 0 0 0 0 0 0 0 0 0 0 0 0 0 0 0 0 0 0 0 0 0 0 0 0 0 0 0 0 0 0 0 0 0 90 0 0 0 0 0 0 0 0 0 0 0 0 0 0 0 0 0 0 0 0 0 0 0 0 0 0 0 0 0 0 0 0 0 0 0 0 
> 1484408959222446:5:rx 0 0 0 0 0 0 0 0 0 0 0 0 0 0 0 0 0 0 0 0 0 0 0 0 0 0 0 0 0 0 0 0 0 0 0 0 0 0 0 0 0 0 0 0 0 0 0 0 0 0 0 0 0 0 0 0 0 0 0 0 0 0 0 0 0 0 0 0 0 0 0 0 0 0 0 0 0 0 0 0 0 0 0 0 0 0 0 0 0 0 0 0 0 0 0 0 0 0 0 0 0 0 0 0 0 0 0 0 0 0 0 0 0 0 0 0 0 0 0 0 0 0 0 0 0 0 0 0 
> 1484408959541897:5:tx 5: 91
> 1484408966905608:5:tx 5: 92
> 1484408969036070:5:tx 5: 93
> 1484408974867762:5:tx 5: 94
> 1484408977640797:5:tx 5: 95
> 1484408981589034:5:tx 5: 96
> 1484408984702626:5:tx 5: 97
> 1484408987847688:5:tx 5: 98
> 1484408995034656:5:tx 5: 99
> 1484408996699259:5:tx 5: 100
> 1484409000647196:5:tx 5: 101
> 1484409005601647:5:tx 5: 102
> 1484409008418102:5:tx 5: 103
> 1484409012330528:5:tx 5: 104
> 1484409017532012:5:tx 5: 105
> 1484409019072892:5:
> 1484409019072911:5:LINK STATS to 1: 15 15 0
> 1484409019193172:5: 69145 P 0.18 8 550292 262434 23822 592152 34238288 35886 3780 3300 74280 3819116
> 1484409019193296:5:tx 0 0 0 0 0 0 0 0 0 0 0 0 0 0 0 0 0 0 0 0 0 10 0 0 0 0 0 0 0 0 0 0 0 0 0 0 0 0 0 0 0 0 0 0 0 0 0 0 0 0 0 0 0 0 0 0 0 0 0 0 0 0 0 0 0 0 0 0 0 0 0 0 0 0 0 0 0 0 0 0 0 0 0 0 0 0 0 0 0 0 0 105 0 0 0 0 0 0 0 0 0 0 0 0 0 0 0 0 0 0 0 0 0 0 0 0 0 0 0 0 0 0 0 0 0 0 0 0 
> 1484409019217218:5:rx 0 0 0 0 0 0 0 0 0 0 0 0 0 0 0 0 0 0 0 0 0 0 0 0 0 0 0 0 0 0 0 0 0 0 0 0 0 0 0 0 0 0 0 0 0 0 0 0 0 0 0 0 0 0 0 0 0 0 0 0 0 0 0 0 0 0 0 0 0 0 0 0 0 0 0 0 0 0 0 0 0 0 0 0 0 0 0 0 0 0 0 0 0 0 0 0 0 0 0 0 0 0 0 0 0 0 0 0 0 0 0 0 0 0 0 0 0 0 0 0 0 0 0 0 0 0 0 0 
> 1484409021252626:5:tx 5: 106
> 1484409024033186:5:tx 5: 107
> 1484409030946377:5:tx 5: 108
> 1484409033061096:5:tx 5: 109
> 1484409037867066:5:tx 5: 110
> 1484409042355757:5:tx 5: 111
> 1484409046957732:5:tx 5: 112
> 1484409049397658:5:tx 5: 113
> 1484409051806537:5:tx 5: 114
> 1484409055507748:5:tx 5: 115
> 1484409060552274:5:tx 5: 116
> 1484409063466343:5:tx 5: 117
> 1484409070288993:5:tx 5: 118
> 1484409073203173:5:tx 5: 119
> 1484409075273110:5:--- Network status ---
> 1484409075273167:5:-- Server IPv6 addresses:
> 1484409075273211:5:-- fd00::212:4b00:0:fe05
> 1484409075273238:5:-- fe80::212:4b00:0:fe05
> 1484409075273271:5:-- Default route:
> 1484409075273295:5:-- None
> 1484409075273339:5:-- Routing entries (1 in total):
> 1484409075273420:5:-- fd00::212:4b00:0:fe01 via fd00::212:4b00:0:fe01 (lifetime: 0 seconds)
> 1484409075273607:5:----------------------
> 1484409075760352:5:tx 5: 120
> 1484409079075685:5:
> 1484409079075724:5:LINK STATS to 1: 15 15 0
> 1484409079187860:5: 76825 P 0.18 9 588140 266180 27122 665572 38056328 37848 3746 3300 73420 3818040
> 1484409079187996:5:tx 0 0 0 0 0 0 0 0 0 0 0 0 0 0 0 0 0 0 0 0 0 10 0 0 0 0 0 0 0 0 0 0 0 0 0 0 0 0 0 0 0 0 0 0 0 0 0 0 0 0 0 0 0 0 0 0 0 0 0 0 0 0 0 0 0 0 0 0 0 0 0 0 0 0 0 0 0 0 0 0 0 0 0 0 0 0 0 0 0 0 0 120 0 0 0 0 0 0 0 0 0 0 0 0 0 0 0 0 0 0 0 0 0 0 0 0 0 0 0 0 0 0 0 0 0 0 0 0 
> 1484409079212088:5:rx 0 0 0 0 0 0 0 0 0 0 0 0 0 0 0 0 0 0 0 0 0 0 0 0 0 0 0 0 0 0 0 0 0 0 0 0 0 0 0 0 0 0 0 0 0 0 0 0 0 0 0 0 0 0 0 0 0 0 0 0 0 0 0 0 0 0 0 0 0 0 0 0 0 0 0 0 0 0 0 0 0 0 0 0 0 0 0 0 0 0 0 0 0 0 0 0 0 0 0 0 0 0 0 0 0 0 0 0 0 0 0 0 0 0 0 0 0 0 0 0 0 0 0 0 0 0 0 0 
> 1484409080754332:5:tx 5: 121
> 1484409084800328:5:tx 5: 122
> 1484409089002410:5:tx 5: 123
> 1484409092774524:5:tx 5: 124
> 1484409097771787:5:tx 5: 125
> 1484409099745929:5:tx 5: 126
> 1484409104175594:5:tx 5: 127
> 1484409108828651:5:tx 5: 128
> 1484409114879809:5:tx 5: 129
> 1484409118259650:5:tx 5: 130
> 1484409122642490:5:tx 5: 131
> 1484409123864244:5:tx 5: 132
> 1484409127589132:5:tx 5: 133
> 1484409132143916:5:tx 5: 134
> 1484409136589279:5:tx 5: 135
> 1484409139070523:5:
> 1484409139070562:5:LINK STATS to 1: 15 15 0
> 1484409139182479:5: 84505 P 0.18 10 624048 269900 30422 736618 41878652 35908 3720 3300 71046 3822324
> 1484409139182594:5:tx 0 0 0 0 0 0 0 0 0 0 0 0 0 0 0 0 0 0 0 0 0 10 0 0 0 0 0 0 0 0 0 0 0 0 0 0 0 0 0 0 0 0 0 0 0 0 0 0 0 0 0 0 0 0 0 0 0 0 0 0 0 0 0 0 0 0 0 0 0 0 0 0 0 0 0 0 0 0 0 0 0 0 0 0 0 0 0 0 0 0 0 135 0 0 0 0 0 0 0 0 0 0 0 0 0 0 0 0 0 0 0 0 0 0 0 0 0 0 0 0 0 0 0 0 0 0 0 0 
> 1484409139207504:5:rx 0 0 0 0 0 0 0 0 0 0 0 0 0 0 0 0 0 0 0 0 0 0 0 0 0 0 0 0 0 0 0 0 0 0 0 0 0 0 0 0 0 0 0 0 0 0 0 0 0 0 0 0 0 0 0 0 0 0 0 0 0 0 0 0 0 0 0 0 0 0 0 0 0 0 0 0 0 0 0 0 0 0 0 0 0 0 0 0 0 0 0 0 0 0 0 0 0 0 0 0 0 0 0 0 0 0 0 0 0 0 0 0 0 0 0 0 0 0 0 0 0 0 0 0 0 0 0 0 
> 1484409141348296:5:tx 5: 136
> 1484409144458010:5:tx 5: 137
> 1484409149283245:5:tx 5: 138
> 1484409152009254:5:tx 5: 139
> 1484409155808284:5:tx 5: 140
> 1484409162646741:5:tx 5: 141
> 1484409163860633:5:tx 5: 142
> 1484409170558335:5:tx 5: 143
> 1484409173096547:5:tx 5: 144
> 1484409177232194:5:tx 5: 145
> 1484409183126544:5:tx 5: 146
