connecting to /dev/ttyUSB2 (115200) [OK]
> 1484408526224944:3:
> 1484408526224995:3:LINK STATS to 1: 5 5 0
> 1484408526342311:3: 7705 P 0.18 0 69208 37330 360 61146 3813102 69208 37330 360 61146 3813102
> 1484408526342439:3:tx 0 0 0 0 0 0 0 0 0 0 0 0 0 0 0 0 0 0 0 0 0 5 0 0 0 0 0 0 0 0 0 0 0 0 0 0 0 0 0 0 0 0 0 0 0 0 0 0 0 0 0 0 0 0 0 0 0 0 0 0 0 0 0 0 0 0 0 0 0 0 0 0 0 0 0 0 0 0 0 0 0 0 0 0 0 0 0 0 0 0 0 0 0 0 0 0 0 0 0 0 0 0 0 0 0 0 0 0 0 0 0 0 0 0 0 0 0 0 0 0 0 0 0 0 0 0 0 0 
> 1484408526366485:3:rx 0 0 0 0 0 0 0 0 0 0 0 0 0 0 0 0 0 0 0 0 0 0 0 0 0 0 0 0 0 0 0 0 0 0 0 0 0 0 0 0 0 0 0 0 0 0 0 0 0 0 0 0 0 0 0 0 0 0 0 0 0 0 0 0 0 0 0 0 0 0 0 0 0 0 0 0 0 0 0 0 0 0 0 0 0 0 0 0 0 0 0 0 0 0 0 0 0 0 0 0 0 0 0 0 0 0 0 0 0 0 0 0 0 0 0 0 0 0 0 0 0 0 0 0 0 0 0 0 
> 1484408586220008:3:
> 1484408586220023:3:LINK STATS to 1: 5 5 0
> 1484408586337195:3: 15385 P 0.18 1 101114 38584 720 126016 7647372 31906 1254 360 64870 3834270
> 1484408586337337:3:tx 0 0 0 0 0 0 0 0 0 0 0 0 0 0 0 0 0 0 0 0 0 10 0 0 0 0 0 0 0 0 0 0 0 0 0 0 0 0 0 0 0 0 0 0 0 0 0 0 0 0 0 0 0 0 0 0 0 0 0 0 0 0 0 0 0 0 0 0 0 0 0 0 0 0 0 0 0 0 0 0 0 0 0 0 0 0 0 0 0 0 0 0 0 0 0 0 0 0 0 0 0 0 0 0 0 0 0 0 0 0 0 0 0 0 0 0 0 0 0 0 0 0 0 0 0 0 0 0 
> 1484408586362049:3:rx 0 0 0 0 0 0 0 0 0 0 0 0 0 0 0 0 0 0 0 0 0 0 0 0 0 0 0 0 0 0 0 0 0 0 0 0 0 0 0 0 0 0 0 0 0 0 0 0 0 0 0 0 0 0 0 0 0 0 0 0 0 0 0 0 0 0 0 0 0 0 0 0 0 0 0 0 0 0 0 0 0 0 0 0 0 0 0 0 0 0 0 0 0 0 0 0 0 0 0 0 0 0 0 0 0 0 0 0 0 0 0 0 0 0 0 0 0 0 0 0 0 0 0 0 0 0 0 0 
> 1484408588874525:3:tx 3: 1
> 1484408593139380:3:tx 3: 2
> 1484408597627629:3:tx 3: 3
> 1484408598626800:3:tx 3: 4
> 1484408602755225:3:tx 3: 5
> 1484408608355327:3:tx 3: 6
> 1484408612632555:3:tx 3: 7
> 1484408617477636:3:tx 3: 8
> 1484408622302827:3:tx 3: 9
> 1484408623144741:3:tx 3: 10
> 1484408629074775:3:tx 3: 11
> 1484408633692437:3:tx 3: 12
> 1484408634750082:3:tx 3: 13
> 1484408639485257:3:tx 3: 14
> 1484408643578094:3:tx 3: 15
> 1484408646219371:3:
> 1484408646219388:3:LINK STATS to 1: 15 15 0
> 1484408646339943:3: 23065 P 0.18 2 136824 42322 4020 193290 11474214 35710 3738 3300 67274 3826842
> 1484408646340036:3:tx 0 0 0 0 0 0 0 0 0 0 0 0 0 0 0 0 0 0 0 0 0 10 0 0 0 0 0 0 0 0 0 0 0 0 0 0 0 0 0 0 0 0 0 0 0 0 0 0 0 0 0 0 0 0 0 0 0 0 0 0 0 0 0 0 0 0 0 0 0 0 0 0 0 0 0 0 0 0 0 0 0 0 0 0 0 0 0 0 0 0 0 15 0 0 0 0 0 0 0 0 0 0 0 0 0 0 0 0 0 0 0 0 0 0 0 0 0 0 0 0 0 0 0 0 0 0 0 0 
> 1484408646364890:3:rx 0 0 0 0 0 0 0 0 0 0 0 0 0 0 0 0 0 0 0 0 0 0 0 0 0 0 0 0 0 0 0 0 0 0 0 0 0 0 0 0 0 0 0 0 0 0 0 0 0 0 0 0 0 0 0 0 0 0 0 0 0 0 0 0 0 0 0 0 0 0 0 0 0 0 0 0 0 0 0 0 0 0 0 0 0 0 0 0 0 0 0 0 0 0 0 0 0 0 0 0 0 0 0 0 0 0 0 0 0 0 0 0 0 0 0 0 0 0 0 0 0 0 0 0 0 0 0 0 
> 1484408649081186:3:tx 3: 16
> 1484408652660633:3:tx 3: 17
> 1484408656017461:3:tx 3: 18
> 1484408662185869:3:tx 3: 19
> 1484408663611551:3:tx 3: 20
> 1484408668394155:3:tx 3: 21
> 1484408672577023:3:tx 3: 22
> 1484408676755799:3:tx 3: 23
> 1484408679595795:3:tx 3: 24
> 1484408684001856:3:tx 3: 25
> 1484408687851700:3:tx 3: 26
> 1484408692034901:3:tx 3: 27
> 1484408695391778:3:tx 3: 28
> 1484408700298997:3:tx 3: 29
> 1484408704129442:3:tx 3: 30
> 1484408706214535:3:
> 1484408706214580:3:LINK STATS to 1: 15 15 0
> 1484408706334878:3: 30745 P 0.18 3 172558 46020 7320 254850 15306234 35734 3698 3300 61560 3832020
> 1484408706335007:3:tx 0 0 0 0 0 0 0 0 0 0 0 0 0 0 0 0 0 0 0 0 0 10 0 0 0 0 0 0 0 0 0 0 0 0 0 0 0 0 0 0 0 0 0 0 0 0 0 0 0 0 0 0 0 0 0 0 0 0 0 0 0 0 0 0 0 0 0 0 0 0 0 0 0 0 0 0 0 0 0 0 0 0 0 0 0 0 0 0 0 0 0 30 0 0 0 0 0 0 0 0 0 0 0 0 0 0 0 0 0 0 0 0 0 0 0 0 0 0 0 0 0 0 0 0 0 0 0 0 
> 1484408706359925:3:rx 0 0 0 0 0 0 0 0 0 0 0 0 0 0 0 0 0 0 0 0 0 0 0 0 0 0 0 0 0 0 0 0 0 0 0 0 0 0 0 0 0 0 0 0 0 0 0 0 0 0 0 0 0 0 0 0 0 0 0 0 0 0 0 0 0 0 0 0 0 0 0 0 0 0 0 0 0 0 0 0 0 0 0 0 0 0 0 0 0 0 0 0 0 0 0 0 0 0 0 0 0 0 0 0 0 0 0 0 0 0 0 0 0 0 0 0 0 0 0 0 0 0 0 0 0 0 0 0 
> 1484408707094511:3:tx 3: 31
> 1484408714203152:3:tx 3: 32
> 1484408716940791:3:tx 3: 33
> 1484408719592355:3:tx 3: 34
> 1484408723360237:3:tx 3: 35
> 1484408727174869:3:tx 3: 36
> 1484408732983569:3:tx 3: 37
> 1484408735486144:3:tx 3: 38
> 1484408739598570:3:tx 3: 39
> 1484408743327236:3:tx 3: 40
> 1484408746715226:3:tx 3: 41
> 1484408752774385:3:tx 3: 42
> 1484408756248359:3:tx 3: 43
> 1484408760482349:3:tx 3: 44
> 1484408765534593:3:tx 3: 45
> 1484408766209746:3:
> 1484408766209785:3:LINK STATS to 1: 15 15 0
> 1484408766329841:3: 38425 P 0.18 4 208676 49728 10620 329470 19124804 36118 3708 3300 74620 3818570
> 1484408766329975:3:tx 0 0 0 0 0 0 0 0 0 0 0 0 0 0 0 0 0 0 0 0 0 10 0 0 0 0 0 0 0 0 0 0 0 0 0 0 0 0 0 0 0 0 0 0 0 0 0 0 0 0 0 0 0 0 0 0 0 0 0 0 0 0 0 0 0 0 0 0 0 0 0 0 0 0 0 0 0 0 0 0 0 0 0 0 0 0 0 0 0 0 0 45 0 0 0 0 0 0 0 0 0 0 0 0 0 0 0 0 0 0 0 0 0 0 0 0 0 0 0 0 0 0 0 0 0 0 0 0 
> 1484408766354911:3:rx 0 0 0 0 0 0 0 0 0 0 0 0 0 0 0 0 0 0 0 0 0 0 0 0 0 0 0 0 0 0 0 0 0 0 0 0 0 0 0 0 0 0 0 0 0 0 0 0 0 0 0 0 0 0 0 0 0 0 0 0 0 0 0 0 0 0 0 0 0 0 0 0 0 0 0 0 0 0 0 0 0 0 0 0 0 0 0 0 0 0 0 0 0 0 0 0 0 0 0 0 0 0 0 0 0 0 0 0 0 0 0 0 0 0 0 0 0 0 0 0 0 0 0 0 0 0 0 0 
> 1484408766698133:3:tx 3: 46
> 1484408773904560:3:tx 3: 47
> 1484408774683683:3:tx 3: 48
> 1484408781808421:3:tx 3: 49
> 1484408785196419:3:tx 3: 50
> 1484408787408791:3:tx 3: 51
> 1484408792943472:3:tx 3: 52
> 1484408796997338:3:tx 3: 53
> 1484408798661616:3:tx 3: 54
> 1484408805073138:3:tx 3: 55
> 1484408808602331:3:tx 3: 56
> 1484408813329355:3:tx 3: 57
> 1484408818217467:3:tx 3: 58
> 1484408822228116:3:tx 3: 59
> 1484408822382803:3:--- Network status ---
> 1484408822382880:3:-- Server IPv6 addresses:
> 1484408822382947:3:-- fd00::212:4b00:0:fe03
> 1484408822382998:3:-- fe80::212:4b00:0:fe03
> 1484408822383096:3:-- Default route:
> 1484408822383146:3:-- None
> 1484408822383192:3:-- Routing entries (1 in total):
> 1484408822383233:3:-- fd00::212:4b00:0:fe01 via fd00::212:4b00:0:fe01 (lifetime: 0 seconds)
> 1484408822383327:3:----------------------
> 1484408824292320:3:tx 3: 60
> 1484408826212896:3:
> 1484408826212938:3:LINK STATS to 1: 15 15 0
> 1484408826325642:3: 46105 P 0.18 5 246064 53378 13920 397678 22948568 37388 3650 3300 68208 3823764
> 1484408826325860:3:tx 0 0 0 0 0 0 0 0 0 0 0 0 0 0 0 0 0 0 0 0 0 10 0 0 0 0 0 0 0 0 0 0 0 0 0 0 0 0 0 0 0 0 0 0 0 0 0 0 0 0 0 0 0 0 0 0 0 0 0 0 0 0 0 0 0 0 0 0 0 0 0 0 0 0 0 0 0 0 0 0 0 0 0 0 0 0 0 0 0 0 0 60 0 0 0 0 0 0 0 0 0 0 0 0 0 0 0 0 0 0 0 0 0 0 0 0 0 0 0 0 0 0 0 0 0 0 0 0 
> 1484408826349806:3:rx 0 0 0 0 0 0 0 0 0 0 0 0 0 0 0 0 0 0 0 0 0 0 0 0 0 0 0 0 0 0 0 0 0 0 0 0 0 0 0 0 0 0 0 0 0 0 0 0 0 0 0 0 0 0 0 0 0 0 0 0 0 0 0 0 0 0 0 0 0 0 0 0 0 0 0 0 0 0 0 0 0 0 0 0 0 0 0 0 0 0 0 0 0 0 0 0 0 0 0 0 0 0 0 0 0 0 0 0 0 0 0 0 0 0 0 0 0 0 0 0 0 0 0 0 0 0 0 0 
> 1484408830272865:3:tx 3: 61
> 1484408833308191:3:tx 3: 62
> 1484408835301650:3:tx 3: 63
> 1484408841031814:3:tx 3: 64
> 1484408842645663:3:tx 3: 65
> 1484408850188883:3:tx 3: 66
> 1484408850459148:3:tx 3: 67
> 1484408856729801:3:tx 3: 68
> 1484408858884058:3:tx 3: 69
> 1484408864108791:3:tx 3: 70
> 1484408870179341:3:tx 3: 71
> 1484408871511280:3:tx 3: 72
> 1484408877605646:3:tx 3: 73
> 1484408879414824:3:tx 3: 74
> 1484408883648593:3:tx 3: 75
> 1484408886207827:3:
> 1484408886207869:3:LINK STATS to 1: 15 15 0
> 1484408886320577:3: 53785 P 0.18 6 282028 57100 17220 465134 26774458 35964 3722 3300 67456 3825890
> 1484408886320721:3:tx 0 0 0 0 0 0 0 0 0 0 0 0 0 0 0 0 0 0 0 0 0 10 0 0 0 0 0 0 0 0 0 0 0 0 0 0 0 0 0 0 0 0 0 0 0 0 0 0 0 0 0 0 0 0 0 0 0 0 0 0 0 0 0 0 0 0 0 0 0 0 0 0 0 0 0 0 0 0 0 0 0 0 0 0 0 0 0 0 0 0 0 75 0 0 0 0 0 0 0 0 0 0 0 0 0 0 0 0 0 0 0 0 0 0 0 0 0 0 0 0 0 0 0 0 0 0 0 0 
> 1484408886345793:3:rx 0 0 0 0 0 0 0 0 0 0 0 0 0 0 0 0 0 0 0 0 0 0 0 0 0 0 0 0 0 0 0 0 0 0 0 0 0 0 0 0 0 0 0 0 0 0 0 0 0 0 0 0 0 0 0 0 0 0 0 0 0 0 0 0 0 0 0 0 0 0 0 0 0 0 0 0 0 0 0 0 0 0 0 0 0 0 0 0 0 0 0 0 0 0 0 0 0 0 0 0 0 0 0 0 0 0 0 0 0 0 0 0 0 0 0 0 0 0 0 0 0 0 0 0 0 0 0 0 
> 1484408890291569:3:tx 3: 76
> 1484408890961480:3:tx 3: 77
> 1484408897556536:3:tx 3: 78
> 1484408901320965:3:tx 3: 79
> 1484408902601106:3:tx 3: 80
> 1484408910231209:3:tx 3: 81
> 1484408912534193:3:tx 3: 82
> 1484408916184359:3:tx 3: 83
> 1484408920535539:3:tx 3: 84
> 1484408925627591:3:tx 3: 85
> 1484408929770831:3:tx 3: 86
> 1484408932974945:3:tx 3: 87
> 1484408936084838:3:tx 3: 88
> 1484408938658119:3:tx 3: 89
> 1484408945864535:3:tx 3: 90
> 1484408946202908:3:
> 1484408946202946:3:LINK STATS to 1: 15 15 0
> 1484408946315415:3: 61465 P 0.18 7 317758 60818 20520 539942 30593242 35730 3718 3300 74808 3818784
> 1484408946315523:3:tx 0 0 0 0 0 0 0 0 0 0 0 0 0 0 0 0 0 0 0 0 0 10 0 0 0 0 0 0 0 0 0 0 0 0 0 0 0 0 0 0 0 0 0 0 0 0 0 0 0 0 0 0 0 0 0 0 0 0 0 0 0 0 0 0 0 0 0 0 0 0 0 0 0 0 0 0 0 0 0 0 0 0 0 0 0 0 0 0 0 0 0 90 0 0 0 0 0 0 0 0 0 0 0 0 0 0 0 0 0 0 0 0 0 0 0 0 0 0 0 0 0 0 0 0 0 0 0 0 
> 1484408946340429:3:rx 0 0 0 0 0 0 0 0 0 0 0 0 0 0 0 0 0 0 0 0 0 0 0 0 0 0 0 0 0 0 0 0 0 0 0 0 0 0 0 0 0 0 0 0 0 0 0 0 0 0 0 0 0 0 0 0 0 0 0 0 0 0 0 0 0 0 0 0 0 0 0 0 0 0 0 0 0 0 0 0 0 0 0 0 0 0 0 0 0 0 0 0 0 0 0 0 0 0 0 0 0 0 0 0 0 0 0 0 0 0 0 0 0 0 0 0 0 0 0 0 0 0 0 0 0 0 0 0 
> 1484408947533452:3:tx 3: 91
> 1484408953588091:3:tx 3: 92
> 1484408954684945:3:tx 3: 93
> 1484408958550669:3:tx 3: 94
> 1484408964699763:3:tx 3: 95
> 1484408966983232:3:tx 3: 96
> 1484408972407739:3:tx 3: 97
> 1484408976900340:3:tx 3: 98
> 1484408980652310:3:tx 3: 99
> 1484408983558690:3:tx 3: 100
> 1484408986738724:3:tx 3: 101
> 1484408993788678:3:tx 3: 102
> 1484408997180415:3:tx 3: 103
> 1484409000259160:3:tx 3: 104
> 1484409006055787:3:tx 3: 105
> 1484409006198089:3:
> 1484409006198124:3:LINK STATS to 1: 16 15 0
> 1484409006318165:3: 69145 P 0.18 8 354248 64762 24040 603358 34423006 36490 3944 3520 63416 3829764
> 1484409006318285:3:tx 0 0 0 0 0 0 0 0 0 0 0 0 0 0 0 0 0 0 0 0 0 10 0 0 0 0 0 0 0 0 0 0 0 0 0 0 0 0 0 0 0 0 0 0 0 0 0 0 0 0 0 0 0 0 0 0 0 0 0 0 0 0 0 0 0 0 0 0 0 0 0 0 0 0 0 0 0 0 0 0 0 0 0 0 0 0 0 0 0 0 0 106 0 0 0 0 0 0 0 0 0 0 0 0 0 0 0 0 0 0 0 0 0 0 0 0 0 0 0 0 0 0 0 0 0 0 0 0 
> 1484409006343794:3:rx 0 0 0 0 0 0 0 0 0 0 0 0 0 0 0 0 0 0 0 0 0 0 0 0 0 0 0 0 0 0 0 0 0 0 0 0 0 0 0 0 0 0 0 0 0 0 0 0 0 0 0 0 0 0 0 0 0 0 0 0 0 0 0 0 0 0 0 0 0 0 0 0 0 0 0 0 0 0 0 0 0 0 0 0 0 0 0 0 0 0 0 0 0 0 0 0 0 0 0 0 0 0 0 0 0 0 0 0 0 0 0 0 0 0 0 0 0 0 0 0 0 0 0 0 0 0 0 0 
> 1484409008636894:3:tx 3: 106
> 1484409011699560:3:tx 3: 107
> 1484409016497289:3:tx 3: 108
> 1484409019869496:3:tx 3: 109
> 1484409025815506:3:tx 3: 110
> 1484409028779992:3:tx 3: 111
> 1484409031933345:3:tx 3: 112
> 1484409035677395:3:tx 3: 113
> 1484409040157785:3:tx 3: 114
> 1484409044489520:3:tx 3: 115
> 1484409048394772:3:tx 3: 116
> 1484409051136456:3:tx 3: 117
> 1484409055624937:3:tx 3: 118
> 1484409061065035:3:tx 3: 119
> 1484409062386933:3:--- Network status ---
> 1484409062386989:3:-- Server IPv6 addresses:
> 1484409062387040:3:-- fd00::212:4b00:0:fe03
> 1484409062387066:3:-- fe80::212:4b00:0:fe03
> 1484409062387099:3:-- Default route:
> 1484409062387131:3:-- None
> 1484409062387190:3:-- Routing entries (1 in total):
> 1484409062387251:3:-- fd00::212:4b00:0:fe01 via fd00::212:4b00:0:fe01 (lifetime: 0 seconds)
> 1484409062387363:3:----------------------
> 1484409062545192:3:tx 3: 120
> 1484409066193213:3:
> 1484409066193251:3:LINK STATS to 1: 15 15 0
> 1484409066314108:3: 76825 P 0.18 9 391704 68468 27340 683474 38234734 37456 3706 3300 80116 3811728
> 1484409066314303:3:tx 0 0 0 0 0 0 0 0 0 0 0 0 0 0 0 0 0 0 0 0 0 10 0 0 0 0 0 0 0 0 0 0 0 0 0 0 0 0 0 0 0 0 0 0 0 0 0 0 0 0 0 0 0 0 0 0 0 0 0 0 0 0 0 0 0 0 0 0 0 0 0 0 0 0 0 0 0 0 0 0 0 0 0 0 0 0 0 0 0 0 0 121 0 0 0 0 0 0 0 0 0 0 0 0 0 0 0 0 0 0 0 0 0 0 0 0 0 0 0 0 0 0 0 0 0 0 0 0 
> 1484409066338145:3:rx 0 0 0 0 0 0 0 0 0 0 0 0 0 0 0 0 0 0 0 0 0 0 0 0 0 0 0 0 0 0 0 0 0 0 0 0 0 0 0 0 0 0 0 0 0 0 0 0 0 0 0 0 0 0 0 0 0 0 0 0 0 0 0 0 0 0 0 0 0 0 0 0 0 0 0 0 0 0 0 0 0 0 0 0 0 0 0 0 0 0 0 0 0 0 0 0 0 0 0 0 0 0 0 0 0 0 0 0 0 0 0 0 0 0 0 0 0 0 0 0 0 0 0 0 0 0 0 0 
> 1484409068549727:3:tx 3: 121
> 1484409074044739:3:tx 3: 122
> 1484409077648051:3:tx 3: 123
> 1484409078670038:3:tx 3: 124
> 1484409082665260:3:tx 3: 125
> 1484409087991774:3:tx 3: 126
> 1484409093322326:3:tx 3: 127
> 1484409094967148:3:tx 3: 128
> 1484409100995256:3:tx 3: 129
> 1484409104484671:3:tx 3: 130
> 1484409108209498:3:tx 3: 131
> 1484409112615585:3:tx 3: 132
> 1484409116089375:3:tx 3: 133
> 1484409121451395:3:tx 3: 134
> 1484409125924064:3:tx 3: 135
> 1484409126195744:3:
> 1484409126195790:3:LINK STATS to 1: 15 15 0
> 1484409126308498:3: 84505 P 0.18 10 429264 72170 30640 760622 42049364 37560 3702 3300 77148 3814630
> 1484409126308667:3:tx 0 0 0 0 0 0 0 0 0 0 0 0 0 0 0 0 0 0 0 0 0 10 0 0 0 0 0 0 0 0 0 0 0 0 0 0 0 0 0 0 0 0 0 0 0 0 0 0 0 0 0 0 0 0 0 0 0 0 0 0 0 0 0 0 0 0 0 0 0 0 0 0 0 0 0 0 0 0 0 0 0 0 0 0 0 0 0 0 0 0 0 136 0 0 0 0 0 0 0 0 0 0 0 0 0 0 0 0 0 0 0 0 0 0 0 0 0 0 0 0 0 0 0 0 0 0 0 0 
> 1484409126333648:3:rx 0 0 0 0 0 0 0 0 0 0 0 0 0 0 0 0 0 0 0 0 0 0 0 0 0 0 0 0 0 0 0 0 0 0 0 0 0 0 0 0 0 0 0 0 0 0 0 0 0 0 0 0 0 0 0 0 0 0 0 0 0 0 0 0 0 0 0 0 0 0 0 0 0 0 0 0 0 0 0 0 0 0 0 0 0 0 0 0 0 0 0 0 0 0 0 0 0 0 0 0 0 0 0 0 0 0 0 0 0 0 0 0 0 0 0 0 0 0 0 0 0 0 0 0 0 0 0 0 
> 1484409128101584:3:tx 3: 136
> 1484409133275646:3:tx 3: 137
> 1484409134677648:3:tx 3: 138
> 1484409141285093:3:tx 3: 139
> 1484409144790711:3:tx 3: 140
> 1484409147551743:3:tx 3: 141
> 1484409151973630:3:tx 3: 142
> 1484409157934634:3:tx 3: 143
> 1484409161514445:3:tx 3: 144
> 1484409165074357:3:tx 3: 145
> 1484409169163459:3:tx 3: 146
> 1484409173381614:3:tx 3: 147
> 1484409177032140:3:tx 3: 148
> 1484409180980027:3:tx 3: 149
> 1484409182601543:3:tx 3: 150
