connecting to /dev/ttyUSB3 (115200) [OK]
> 1484408531961249:4:
> 1484408531961298:4:LINK STATS to 1: 4 4 0
> 1484408532082185:4: 7705 P 0.18 0 730742 702228 288 45554 3167506 730742 702228 288 45554 3167506
> 1484408532082408:4:tx 0 0 0 0 0 0 0 0 0 0 0 0 0 0 0 0 0 0 0 0 0 4 0 0 0 0 0 0 0 0 0 0 0 0 0 0 0 0 0 0 0 0 0 0 0 0 0 0 0 0 0 0 0 0 0 0 0 0 0 0 0 0 0 0 0 0 0 0 0 0 0 0 0 0 0 0 0 0 0 0 0 0 0 0 0 0 0 0 0 0 0 0 0 0 0 0 0 0 0 0 0 0 0 0 0 0 0 0 0 0 0 0 0 0 0 0 0 0 0 0 0 0 0 0 0 0 0 0 
> 1484408532106132:4:rx 0 0 0 0 0 0 0 0 0 0 0 0 0 0 0 0 0 0 0 0 0 0 0 0 0 0 0 0 0 0 0 0 0 0 0 0 0 0 0 0 0 0 0 0 0 0 0 0 0 0 0 0 0 0 0 0 0 0 0 0 0 0 0 0 0 0 0 0 0 0 0 0 0 0 0 0 0 0 0 0 0 0 0 0 0 0 0 0 0 0 0 0 0 0 0 0 0 0 0 0 0 0 0 0 0 0 0 0 0 0 0 0 0 0 0 0 0 0 0 0 0 0 0 0 0 0 0 0 
> 1484408591964338:4:
> 1484408591964350:4:LINK STATS to 1: 5 5 0
> 1484408592077000:4: 15385 P 0.18 1 762012 703460 650 114214 6998658 31270 1232 362 68660 3831152
> 1484408592077082:4:tx 0 0 0 0 0 0 0 0 0 0 0 0 0 0 0 0 0 0 0 0 0 9 0 0 0 0 0 0 0 0 0 0 0 0 0 0 0 0 0 0 0 0 0 0 0 0 0 0 0 0 0 0 0 0 0 0 0 0 0 0 0 0 0 0 0 0 0 0 0 0 0 0 0 0 0 0 0 0 0 0 0 0 0 0 0 0 0 0 0 0 0 0 0 0 0 0 0 0 0 0 0 0 0 0 0 0 0 0 0 0 0 0 0 0 0 0 0 0 0 0 0 0 0 0 0 0 0 0 
> 1484408592102334:4:rx 0 0 0 0 0 0 0 0 0 0 0 0 0 0 0 0 0 0 0 0 0 0 0 0 0 0 0 0 0 0 0 0 0 0 0 0 0 0 0 0 0 0 0 0 0 0 0 0 0 0 0 0 0 0 0 0 0 0 0 0 0 0 0 0 0 0 0 0 0 0 0 0 0 0 0 0 0 0 0 0 0 0 0 0 0 0 0 0 0 0 0 0 0 0 0 0 0 0 0 0 0 0 0 0 0 0 0 0 0 0 0 0 0 0 0 0 0 0 0 0 0 0 0 0 0 0 0 0 
> 1484408596016665:4:tx 4: 1
> 1484408597426336:4:tx 4: 2
> 1484408600563510:4:tx 4: 3
> 1484408607335539:4:tx 4: 4
> 1484408611150395:4:tx 4: 5
> 1484408614393473:4:tx 4: 6
> 1484408616766982:4:tx 4: 7
> 1484408623534599:4:tx 4: 8
> 1484408627486664:4:tx 4: 9
> 1484408628610923:4:tx 4: 10
> 1484408633624065:4:tx 4: 11
> 1484408638567179:4:tx 4: 12
> 1484408640501751:4:tx 4: 13
> 1484408646110476:4:tx 4: 14
> 1484408648323391:4:tx 4: 15
> 1484408651959760:4:
> 1484408651959782:4:LINK STATS to 1: 16 15 0
> 1484408652072014:4: 23065 P 0.18 2 798300 707416 4170 182278 10823516 36288 3956 3520 68064 3824858
> 1484408652072138:4:tx 0 0 0 0 0 0 0 0 0 0 0 0 0 0 0 0 0 0 0 0 0 9 0 0 0 0 0 0 0 0 0 0 0 0 0 0 0 0 0 0 0 0 0 0 0 0 0 0 0 0 0 0 0 0 0 0 0 0 0 0 0 0 0 0 0 0 0 0 0 0 0 0 0 0 0 0 0 0 0 0 0 0 0 0 0 0 0 0 0 0 0 16 0 0 0 0 0 0 0 0 0 0 0 0 0 0 0 0 0 0 0 0 0 0 0 0 0 0 0 0 0 0 0 0 0 0 0 0 
> 1484408652097041:4:rx 0 0 0 0 0 0 0 0 0 0 0 0 0 0 0 0 0 0 0 0 0 0 0 0 0 0 0 0 0 0 0 0 0 0 0 0 0 0 0 0 0 0 0 0 0 0 0 0 0 0 0 0 0 0 0 0 0 0 0 0 0 0 0 0 0 0 0 0 0 0 0 0 0 0 0 0 0 0 0 0 0 0 0 0 0 0 0 0 0 0 0 0 0 0 0 0 0 0 0 0 0 0 0 0 0 0 0 0 0 0 0 0 0 0 0 0 0 0 0 0 0 0 0 0 0 0 0 0 
> 1484408654014221:4:tx 4: 16
> 1484408656873413:4:tx 4: 17
> 1484408661220743:4:tx 4: 18
> 1484408664808397:4:tx 4: 19
> 1484408670941826:4:tx 4: 20
> 1484408672473213:4:tx 4: 21
> 1484408676543061:4:tx 4: 22
> 1484408683095393:4:tx 4: 23
> 1484408687728612:4:tx 4: 24
> 1484408689996593:4:tx 4: 25
> 1484408694837553:4:tx 4: 26
> 1484408698734345:4:tx 4: 27
> 1484408700301236:4:tx 4: 28
> 1484408708087383:4:tx 4: 29
> 1484408709012099:4:tx 4: 30
> 1484408711954623:4:
> 1484408711954646:4:LINK STATS to 1: 15 15 0
> 1484408712066782:4: 30745 P 0.18 3 833964 711114 7470 245304 14654150 35664 3698 3300 63026 3830634
> 1484408712066831:4:tx 0 0 0 0 0 0 0 0 0 0 0 0 0 0 0 0 0 0 0 0 0 9 0 0 0 0 0 0 0 0 0 0 0 0 0 0 0 0 0 0 0 0 0 0 0 0 0 0 0 0 0 0 0 0 0 0 0 0 0 0 0 0 0 0 0 0 0 0 0 0 0 0 0 0 0 0 0 0 0 0 0 0 0 0 0 0 0 0 0 0 0 31 0 0 0 0 0 0 0 0 0 0 0 0 0 0 0 0 0 0 0 0 0 0 0 0 0 0 0 0 0 0 0 0 0 0 0 0 
> 1484408712091835:4:rx 0 0 0 0 0 0 0 0 0 0 0 0 0 0 0 0 0 0 0 0 0 0 0 0 0 0 0 0 0 0 0 0 0 0 0 0 0 0 0 0 0 0 0 0 0 0 0 0 0 0 0 0 0 0 0 0 0 0 0 0 0 0 0 0 0 0 0 0 0 0 0 0 0 0 0 0 0 0 0 0 0 0 0 0 0 0 0 0 0 0 0 0 0 0 0 0 0 0 0 0 0 0 0 0 0 0 0 0 0 0 0 0 0 0 0 0 0 0 0 0 0 0 0 0 0 0 0 0 
> 1484408714949600:4:tx 4: 31
> 1484408717561621:4:tx 4: 32
> 1484408722402888:4:tx 4: 33
> 1484408726209842:4:tx 4: 34
> 1484408732010219:4:tx 4: 35
> 1484408733804074:4:tx 4: 36
> 1484408737110016:4:tx 4: 37
> 1484408743975407:4:tx 4: 38
> 1484408745048531:4:tx 4: 39
> 1484408749102511:4:tx 4: 40
> 1484408753105505:4:tx 4: 41
> 1484408759599324:4:tx 4: 42
> 1484408761859326:4:tx 4: 43
> 1484408765062826:4:tx 4: 44
> 1484408771090420:4:tx 4: 45
> 1484408771949870:4:
> 1484408771949910:4:LINK STATS to 1: 15 15 0
> 1484408772062855:4: 38425 P 0.18 4 869586 714796 10770 305752 18487440 35622 3682 3300 60448 3833290
> 1484408772062990:4:tx 0 0 0 0 0 0 0 0 0 0 0 0 0 0 0 0 0 0 0 0 0 9 0 0 0 0 0 0 0 0 0 0 0 0 0 0 0 0 0 0 0 0 0 0 0 0 0 0 0 0 0 0 0 0 0 0 0 0 0 0 0 0 0 0 0 0 0 0 0 0 0 0 0 0 0 0 0 0 0 0 0 0 0 0 0 0 0 0 0 0 0 46 0 0 0 0 0 0 0 0 0 0 0 0 0 0 0 0 0 0 0 0 0 0 0 0 0 0 0 0 0 0 0 0 0 0 0 0 
> 1484408772086921:4:rx 0 0 0 0 0 0 0 0 0 0 0 0 0 0 0 0 0 0 0 0 0 0 0 0 0 0 0 0 0 0 0 0 0 0 0 0 0 0 0 0 0 0 0 0 0 0 0 0 0 0 0 0 0 0 0 0 0 0 0 0 0 0 0 0 0 0 0 0 0 0 0 0 0 0 0 0 0 0 0 0 0 0 0 0 0 0 0 0 0 0 0 0 0 0 0 0 0 0 0 0 0 0 0 0 0 0 0 0 0 0 0 0 0 0 0 0 0 0 0 0 0 0 0 0 0 0 0 0 
> 1484408775289045:4:tx 4: 46
> 1484408776288089:4:tx 4: 47
> 1484408781520532:4:tx 4: 48
> 1484408787622882:4:tx 4: 49
> 1484408790767851:4:tx 4: 50
> 1484408793094424:4:tx 4: 51
> 1484408797966630:4:tx 4: 52
> 1484408800939543:4:tx 4: 53
> 1484408806508846:4:tx 4: 54
> 1484408810766162:4:tx 4: 55
> 1484408814443945:4:tx 4: 56
> 1484408816292562:4:tx 4: 57
> 1484408821066861:4:tx 4: 58
> 1484408828069589:4:tx 4: 59
> 1484408828106845:4:--- Network status ---
> 1484408828111930:4:-- Server IPv6 addresses:
> 1484408828130534:4:-- fd00::212:4b00:0:fe04
> 1484408828130581:4:-- fe80::212:4b00:0:fe04
> 1484408828130591:4:-- Default route:
> 1484408828130598:4:-- None
> 1484408828130600:4:-- Routing entries (1 in total):
> 1484408828130611:4:-- fd00::212:4b00:0:fe01 via fd00::212:4b00:0:fe01 (lifetime: 0 seconds)
> 1484408828130633:4:----------------------
> 1484408831945033:4:
> 1484408831945067:4:LINK STATS to 1: 14 14 0
> 1484408831966962:4:tx 4: 60
> 1484408832064575:4: 46105 P 0.18 5 906496 718488 14070 376846 22308846 36910 3692 3300 71094 3821406
> 1484408832064684:4:tx 0 0 0 0 0 0 0 0 0 0 0 0 0 0 0 0 0 0 0 0 0 9 0 0 0 0 0 0 0 0 0 0 0 0 0 0 0 0 0 0 0 0 0 0 0 0 0 0 0 0 0 0 0 0 0 0 0 0 0 0 0 0 0 0 0 0 0 0 0 0 0 0 0 0 0 0 0 0 0 0 0 0 0 0 0 0 0 0 0 0 0 61 0 0 0 0 0 0 0 0 0 0 0 0 0 0 0 0 0 0 0 0 0 0 0 0 0 0 0 0 0 0 0 0 0 0 0 0 
> 1484408832088752:4:rx 0 0 0 0 0 0 0 0 0 0 0 0 0 0 0 0 0 0 0 0 0 0 0 0 0 0 0 0 0 0 0 0 0 0 0 0 0 0 0 0 0 0 0 0 0 0 0 0 0 0 0 0 0 0 0 0 0 0 0 0 0 0 0 0 0 0 0 0 0 0 0 0 0 0 0 0 0 0 0 0 0 0 0 0 0 0 0 0 0 0 0 0 0 0 0 0 0 0 0 0 0 0 0 0 0 0 0 0 0 0 0 0 0 0 0 0 0 0 0 0 0 0 0 0 0 0 0 0 
> 1484408833443737:4:tx 4: 61
> 1484408836686455:4:tx 4: 62
> 1484408842616230:4:tx 4: 63
> 1484408844727498:4:tx 4: 64
> 1484408851918360:4:tx 4: 65
> 1484408854366609:4:tx 4: 66
> 1484408859410990:4:tx 4: 67
> 1484408862963226:4:tx 4: 68
> 1484408864658967:4:tx 4: 69
> 1484408871865757:4:tx 4: 70
> 1484408874235066:4:tx 4: 71
> 1484408878531960:4:tx 4: 72
> 1484408882667993:4:tx 4: 73
> 1484408886706323:4:tx 4: 74
> 1484408889024550:4:tx 4: 75
> 1484408891940138:4:
> 1484408891940183:4:LINK STATS to 1: 16 16 0
> 1484408892060588:4: 53785 P 0.18 6 942122 722206 17370 439226 26140254 35626 3718 3300 62380 3831408
> 1484408892060797:4:tx 0 0 0 0 0 0 0 0 0 0 0 0 0 0 0 0 0 0 0 0 0 9 0 0 0 0 0 0 0 0 0 0 0 0 0 0 0 0 0 0 0 0 0 0 0 0 0 0 0 0 0 0 0 0 0 0 0 0 0 0 0 0 0 0 0 0 0 0 0 0 0 0 0 0 0 0 0 0 0 0 0 0 0 0 0 0 0 0 0 0 0 76 0 0 0 0 0 0 0 0 0 0 0 0 0 0 0 0 0 0 0 0 0 0 0 0 0 0 0 0 0 0 0 0 0 0 0 0 
> 1484408892085658:4:rx 0 0 0 0 0 0 0 0 0 0 0 0 0 0 0 0 0 0 0 0 0 0 0 0 0 0 0 0 0 0 0 0 0 0 0 0 0 0 0 0 0 0 0 0 0 0 0 0 0 0 0 0 0 0 0 0 0 0 0 0 0 0 0 0 0 0 0 0 0 0 0 0 0 0 0 0 0 0 0 0 0 0 0 0 0 0 0 0 0 0 0 0 0 0 0 0 0 0 0 0 0 0 0 0 0 0 0 0 0 0 0 0 0 0 0 0 0 0 0 0 0 0 0 0 0 0 0 0 
> 1484408894942757:4:tx 4: 76
> 1484408898820017:4:tx 4: 77
> 1484408903159926:4:tx 4: 78
> 1484408906959223:4:tx 4: 79
> 1484408908521739:4:tx 4: 80
> 1484408915786940:4:tx 4: 81
> 1484408919864242:4:tx 4: 82
> 1484408921509563:4:tx 4: 83
> 1484408925892109:4:tx 4: 84
> 1484408928543663:4:tx 4: 85
> 1484408935981282:4:tx 4: 86
> 1484408937520620:4:tx 4: 87
> 1484408940426723:4:tx 4: 88
> 1484408945192935:4:tx 4: 89
> 1484408951859404:4:tx 4: 90
> 1484408951941884:4:
> 1484408951941909:4:LINK STATS to 1: 15 15 0
> 1484408952055378:4: 61465 P 0.18 7 977942 725910 20670 506252 29966766 35820 3704 3300 67026 3826512
> 1484408952055507:4:tx 0 0 0 0 0 0 0 0 0 0 0 0 0 0 0 0 0 0 0 0 0 9 0 0 0 0 0 0 0 0 0 0 0 0 0 0 0 0 0 0 0 0 0 0 0 0 0 0 0 0 0 0 0 0 0 0 0 0 0 0 0 0 0 0 0 0 0 0 0 0 0 0 0 0 0 0 0 0 0 0 0 0 0 0 0 0 0 0 0 0 0 91 0 0 0 0 0 0 0 0 0 0 0 0 0 0 0 0 0 0 0 0 0 0 0 0 0 0 0 0 0 0 0 0 0 0 0 0 
> 1484408952080534:4:rx 0 0 0 0 0 0 0 0 0 0 0 0 0 0 0 0 0 0 0 0 0 0 0 0 0 0 0 0 0 0 0 0 0 0 0 0 0 0 0 0 0 0 0 0 0 0 0 0 0 0 0 0 0 0 0 0 0 0 0 0 0 0 0 0 0 0 0 0 0 0 0 0 0 0 0 0 0 0 0 0 0 0 0 0 0 0 0 0 0 0 0 0 0 0 0 0 0 0 0 0 0 0 0 0 0 0 0 0 0 0 0 0 0 0 0 0 0 0 0 0 0 0 0 0 0 0 0 0 
> 1484408954972759:4:tx 4: 91
> 1484408957624674:4:tx 4: 92
> 1484408960327034:4:tx 4: 93
> 1484408965477523:4:tx 4: 94
> 1484408968500949:4:tx 4: 95
> 1484408973470905:4:tx 4: 96
> 1484408979354142:4:tx 4: 97
> 1484408981563147:4:tx 4: 98
> 1484408985295491:4:tx 4: 99
> 1484408989678185:4:tx 4: 100
> 1484408995083497:4:tx 4: 101
> 1484408998807749:4:tx 4: 102
> 1484409000512139:4:tx 4: 103
> 1484409007358225:4:tx 4: 104
> 1484409010546627:4:tx 4: 105
> 1484409011931829:4:
> 1484409011931855:4:LINK STATS to 1: 15 15 0
> 1484409012051291:4: 69145 P 0.18 8 1014168 729660 23970 570936 33795222 36226 3750 3300 64684 3828456
> 1484409012051404:4:tx 0 0 0 0 0 0 0 0 0 0 0 0 0 0 0 0 0 0 0 0 0 9 0 0 0 0 0 0 0 0 0 0 0 0 0 0 0 0 0 0 0 0 0 0 0 0 0 0 0 0 0 0 0 0 0 0 0 0 0 0 0 0 0 0 0 0 0 0 0 0 0 0 0 0 0 0 0 0 0 0 0 0 0 0 0 0 0 0 0 0 0 106 0 0 0 0 0 0 0 0 0 0 0 0 0 0 0 0 0 0 0 0 0 0 0 0 0 0 0 0 0 0 0 0 0 0 0 0 
> 1484409012075341:4:rx 0 0 0 0 0 0 0 0 0 0 0 0 0 0 0 0 0 0 0 0 0 0 0 0 0 0 0 0 0 0 0 0 0 0 0 0 0 0 0 0 0 0 0 0 0 0 0 0 0 0 0 0 0 0 0 0 0 0 0 0 0 0 0 0 0 0 0 0 0 0 0 0 0 0 0 0 0 0 0 0 0 0 0 0 0 0 0 0 0 0 0 0 0 0 0 0 0 0 0 0 0 0 0 0 0 0 0 0 0 0 0 0 0 0 0 0 0 0 0 0 0 0 0 0 0 0 0 0 
> 1484409013707045:4:tx 4: 106
> 1484409019519214:4:tx 4: 107
> 1484409023925511:4:tx 4: 108
> 1484409026048581:4:tx 4: 109
> 1484409031057829:4:tx 4: 110
> 1484409033983997:4:tx 4: 111
> 1484409037293325:4:tx 4: 112
> 1484409042451386:4:tx 4: 113
> 1484409047022313:4:tx 4: 114
> 1484409048510595:4:tx 4: 115
> 1484409053931086:4:tx 4: 116
> 1484409059688371:4:tx 4: 117
> 1484409061415679:4:tx 4: 118
> 1484409067133937:4:tx 4: 119
> 1484409068114784:4:--- Network status ---
> 1484409068114860:4:-- Server IPv6 addresses:
> 1484409068114927:4:-- fd00::212:4b00:0:fe04
> 1484409068114981:4:-- fe80::212:4b00:0:fe04
> 1484409068115078:4:-- Default route:
> 1484409068115171:4:-- None
> 1484409068115202:4:-- Routing entries (1 in total):
> 1484409068115247:4:-- fd00::212:4b00:0:fe01 via fd00::212:4b00:0:fe01 (lifetime: 0 seconds)
> 1484409068115356:4:----------------------
> 1484409071516499:4:tx 4: 120
> 1484409071933298:4:
> 1484409071933343:4:LINK STATS to 1: 15 15 0
> 1484409072046080:4: 76825 P 0.18 9 1051502 733380 27270 648446 37609716 37334 3720 3300 77510 3814494
> 1484409072046388:4:tx 0 0 0 0 0 0 0 0 0 0 0 0 0 0 0 0 0 0 0 0 0 9 0 0 0 0 0 0 0 0 0 0 0 0 0 0 0 0 0 0 0 0 0 0 0 0 0 0 0 0 0 0 0 0 0 0 0 0 0 0 0 0 0 0 0 0 0 0 0 0 0 0 0 0 0 0 0 0 0 0 0 0 0 0 0 0 0 0 0 0 0 121 0 0 0 0 0 0 0 0 0 0 0 0 0 0 0 0 0 0 0 0 0 0 0 0 0 0 0 0 0 0 0 0 0 0 0 0 
> 1484409072070237:4:rx 0 0 0 0 0 0 0 0 0 0 0 0 0 0 0 0 0 0 0 0 0 0 0 0 0 0 0 0 0 0 0 0 0 0 0 0 0 0 0 0 0 0 0 0 0 0 0 0 0 0 0 0 0 0 0 0 0 0 0 0 0 0 0 0 0 0 0 0 0 0 0 0 0 0 0 0 0 0 0 0 0 0 0 0 0 0 0 0 0 0 0 0 0 0 0 0 0 0 0 0 0 0 0 0 0 0 0 0 0 0 0 0 0 0 0 0 0 0 0 0 0 0 0 0 0 0 0 0 
> 1484409072621131:4:tx 4: 121
> 1484409078362796:4:tx 4: 122
> 1484409082244547:4:tx 4: 123
> 1484409084904003:4:tx 4: 124
> 1484409088631862:4:tx 4: 125
> 1484409095736670:4:tx 4: 126
> 1484409096982702:4:tx 4: 127
> 1484409101282909:4:tx 4: 128
> 1484409105434809:4:tx 4: 129
> 1484409110494820:4:tx 4: 130
> 1484409114909175:4:tx 4: 131
> 1484409116777253:4:tx 4: 132
> 1484409123690009:4:tx 4: 133
> 1484409127195134:4:tx 4: 134
> 1484409131311626:4:tx 4: 135
> 1484409131927898:4:
> 1484409131927922:4:LINK STATS to 1: 15 15 0
> 1484409132040320:4: 84505 P 0.18 10 1087934 737100 30570 724054 41427014 36432 3720 3300 75608 3817298
> 1484409132040474:4:tx 0 0 0 0 0 0 0 0 0 0 0 0 0 0 0 0 0 0 0 0 0 9 0 0 0 0 0 0 0 0 0 0 0 0 0 0 0 0 0 0 0 0 0 0 0 0 0 0 0 0 0 0 0 0 0 0 0 0 0 0 0 0 0 0 0 0 0 0 0 0 0 0 0 0 0 0 0 0 0 0 0 0 0 0 0 0 0 0 0 0 0 136 0 0 0 0 0 0 0 0 0 0 0 0 0 0 0 0 0 0 0 0 0 0 0 0 0 0 0 0 0 0 0 0 0 0 0 0 
> 1484409132065637:4:rx 0 0 0 0 0 0 0 0 0 0 0 0 0 0 0 0 0 0 0 0 0 0 0 0 0 0 0 0 0 0 0 0 0 0 0 0 0 0 0 0 0 0 0 0 0 0 0 0 0 0 0 0 0 0 0 0 0 0 0 0 0 0 0 0 0 0 0 0 0 0 0 0 0 0 0 0 0 0 0 0 0 0 0 0 0 0 0 0 0 0 0 0 0 0 0 0 0 0 0 0 0 0 0 0 0 0 0 0 0 0 0 0 0 0 0 0 0 0 0 0 0 0 0 0 0 0 0 0 
> 1484409135024327:4:tx 4: 136
> 1484409137668318:4:tx 4: 137
> 1484409142419074:4:tx 4: 138
> 1484409146554975:4:tx 4: 139
> 1484409149257358:4:tx 4: 140
> 1484409153989102:4:tx 4: 141
> 1484409158543811:4:tx 4: 142
> 1484409160670823:4:tx 4: 143
> 1484409166173670:4:tx 4: 144
> 1484409170857889:4:tx 4: 145
> 1484409174108124:4:tx 4: 146
> 1484409179054668:4:tx 4: 147
> 1484409180856792:4:tx 4: 148
> 1484409184675530:4:tx 4: 149
