connecting to /dev/ttyUSB1 (115200) [OK]
> 1484408524773870:2:
> 1484408524773915:2:LINK STATS to 1: 5 5 0
> 1484408524879338:2: 7705 P 0.18 0 165828 133080 360 64336 3713270 165828 133080 360 64336 3713270
> 1484408524879461:2:tx 0 0 0 0 0 0 0 0 0 0 0 0 0 0 0 0 0 0 0 0 0 5 0 0 0 0 0 0 0 0 0 0 0 0 0 0 0 0 0 0 0 0 0 0 0 0 0 0 0 0 0 0 0 0 0 0 0 0 0 0 0 0 0 0 0 0 0 0 0 0 0 0 0 0 0 0 0 0 0 0 0 0 0 0 0 0 0 0 0 0 0 0 0 0 0 0 0 0 0 0 0 0 0 0 0 0 0 0 0 0 0 0 0 0 0 0 0 0 0 0 0 0 0 0 0 0 0 0 
> 1484408524903403:2:rx 0 0 0 0 0 0 0 0 0 0 0 0 0 0 0 0 0 0 0 0 0 0 0 0 0 0 0 0 0 0 0 0 0 0 0 0 0 0 0 0 0 0 0 0 0 0 0 0 0 0 0 0 0 0 0 0 0 0 0 0 0 0 0 0 0 0 0 0 0 0 0 0 0 0 0 0 0 0 0 0 0 0 0 0 0 0 0 0 0 0 0 0 0 0 0 0 0 0 0 0 0 0 0 0 0 0 0 0 0 0 0 0 0 0 0 0 0 0 0 0 0 0 0 0 0 0 0 0 
> 1484408584768708:2:
> 1484408584768727:2:LINK STATS to 1: 5 5 0
> 1484408584873955:2: 15385 P 0.18 1 197962 134308 720 133222 7543312 32134 1228 360 68886 3830042
> 1484408584874002:2:tx 0 0 0 0 0 0 0 0 0 0 0 0 0 0 0 0 0 0 0 0 0 10 0 0 0 0 0 0 0 0 0 0 0 0 0 0 0 0 0 0 0 0 0 0 0 0 0 0 0 0 0 0 0 0 0 0 0 0 0 0 0 0 0 0 0 0 0 0 0 0 0 0 0 0 0 0 0 0 0 0 0 0 0 0 0 0 0 0 0 0 0 0 0 0 0 0 0 0 0 0 0 0 0 0 0 0 0 0 0 0 0 0 0 0 0 0 0 0 0 0 0 0 0 0 0 0 0 0 
> 1484408584898940:2:rx 0 0 0 0 0 0 0 0 0 0 0 0 0 0 0 0 0 0 0 0 0 0 0 0 0 0 0 0 0 0 0 0 0 0 0 0 0 0 0 0 0 0 0 0 0 0 0 0 0 0 0 0 0 0 0 0 0 0 0 0 0 0 0 0 0 0 0 0 0 0 0 0 0 0 0 0 0 0 0 0 0 0 0 0 0 0 0 0 0 0 0 0 0 0 0 0 0 0 0 0 0 0 0 0 0 0 0 0 0 0 0 0 0 0 0 0 0 0 0 0 0 0 0 0 0 0 0 0 
> 1484408585629274:2:tx 2: 1
> 1484408591703441:2:tx 2: 2
> 1484408594743419:2:tx 2: 3
> 1484408600469424:2:tx 2: 4
> 1484408602040116:2:tx 2: 5
> 1484408606692869:2:tx 2: 6
> 1484408610444789:2:tx 2: 7
> 1484408616077001:2:tx 2: 8
> 1484408617706650:2:tx 2: 9
> 1484408623095699:2:tx 2: 10
> 1484408625618185:2:tx 2: 11
> 1484408630408275:2:tx 2: 12
> 1484408635386470:2:tx 2: 13
> 1484408637188114:2:tx 2: 14
> 1484408641899799:2:tx 2: 15
> 1484408644763911:2:
> 1484408644763927:2:LINK STATS to 1: 15 15 0
> 1484408644876968:2: 23065 P 0.18 2 233536 137998 4020 203408 11367366 35574 3690 3300 70186 3824054
> 1484408644877045:2:tx 0 0 0 0 0 0 0 0 0 0 0 0 0 0 0 0 0 0 0 0 0 10 0 0 0 0 0 0 0 0 0 0 0 0 0 0 0 0 0 0 0 0 0 0 0 0 0 0 0 0 0 0 0 0 0 0 0 0 0 0 0 0 0 0 0 0 0 0 0 0 0 0 0 0 0 0 0 0 0 0 0 0 0 0 0 0 0 0 0 0 0 15 0 0 0 0 0 0 0 0 0 0 0 0 0 0 0 0 0 0 0 0 0 0 0 0 0 0 0 0 0 0 0 0 0 0 0 0 
> 1484408644902137:2:rx 0 0 0 0 0 0 0 0 0 0 0 0 0 0 0 0 0 0 0 0 0 0 0 0 0 0 0 0 0 0 0 0 0 0 0 0 0 0 0 0 0 0 0 0 0 0 0 0 0 0 0 0 0 0 0 0 0 0 0 0 0 0 0 0 0 0 0 0 0 0 0 0 0 0 0 0 0 0 0 0 0 0 0 0 0 0 0 0 0 0 0 0 0 0 0 0 0 0 0 0 0 0 0 0 0 0 0 0 0 0 0 0 0 0 0 0 0 0 0 0 0 0 0 0 0 0 0 0 
> 1484408647426312:2:tx 2: 16
> 1484408652881723:2:tx 2: 17
> 1484408656900510:2:tx 2: 18
> 1484408660299859:2:tx 2: 19
> 1484408664729735:2:tx 2: 20
> 1484408666582375:2:tx 2: 21
> 1484408669864333:2:tx 2: 22
> 1484408673683194:2:tx 2: 23
> 1484408679864002:2:tx 2: 24
> 1484408680987584:2:tx 2: 25
> 1484408686948782:2:tx 2: 26
> 1484408691746882:2:tx 2: 27
> 1484408696529085:2:tx 2: 28
> 1484408698741905:2:tx 2: 29
> 1484408704432841:2:tx 2: 30
> 1484408704759246:2:
> 1484408704759278:2:LINK STATS to 1: 15 15 0
> 1484408704871805:2: 30745 P 0.18 3 269346 141670 7320 266358 15197922 35810 3672 3300 62950 3830556
> 1484408704871900:2:tx 0 0 0 0 0 0 0 0 0 0 0 0 0 0 0 0 0 0 0 0 0 10 0 0 0 0 0 0 0 0 0 0 0 0 0 0 0 0 0 0 0 0 0 0 0 0 0 0 0 0 0 0 0 0 0 0 0 0 0 0 0 0 0 0 0 0 0 0 0 0 0 0 0 0 0 0 0 0 0 0 0 0 0 0 0 0 0 0 0 0 0 30 0 0 0 0 0 0 0 0 0 0 0 0 0 0 0 0 0 0 0 0 0 0 0 0 0 0 0 0 0 0 0 0 0 0 0 0 
> 1484408704896957:2:rx 0 0 0 0 0 0 0 0 0 0 0 0 0 0 0 0 0 0 0 0 0 0 0 0 0 0 0 0 0 0 0 0 0 0 0 0 0 0 0 0 0 0 0 0 0 0 0 0 0 0 0 0 0 0 0 0 0 0 0 0 0 0 0 0 0 0 0 0 0 0 0 0 0 0 0 0 0 0 0 0 0 0 0 0 0 0 0 0 0 0 0 0 0 0 0 0 0 0 0 0 0 0 0 0 0 0 0 0 0 0 0 0 0 0 0 0 0 0 0 0 0 0 0 0 0 0 0 0 
> 1484408705423723:2:tx 2: 31
> 1484408710205947:2:tx 2: 32
> 1484408715963359:2:tx 2: 33
> 1484408719746883:2:tx 2: 34
> 1484408721662182:2:tx 2: 35
> 1484408726953442:2:tx 2: 36
> 1484408730227930:2:tx 2: 37
> 1484408736232120:2:tx 2: 38
> 1484408740783402:2:tx 2: 39
> 1484408741441302:2:tx 2: 40
> 1484408748647768:2:tx 2: 41
> 1484408749873887:2:tx 2: 42
> 1484408753453669:2:tx 2: 43
> 1484408758588508:2:tx 2: 44
> 1484408761380878:2:tx 2: 45
> 1484408764758488:2:
> 1484408764758534:2:LINK STATS to 1: 15 15 0
> 1484408764866910:2: 38425 P 0.18 4 304874 145358 10620 332178 19025882 35528 3688 3300 65820 3827960
> 1484408764867114:2:tx 0 0 0 0 0 0 0 0 0 0 0 0 0 0 0 0 0 0 0 0 0 10 0 0 0 0 0 0 0 0 0 0 0 0 0 0 0 0 0 0 0 0 0 0 0 0 0 0 0 0 0 0 0 0 0 0 0 0 0 0 0 0 0 0 0 0 0 0 0 0 0 0 0 0 0 0 0 0 0 0 0 0 0 0 0 0 0 0 0 0 0 45 0 0 0 0 0 0 0 0 0 0 0 0 0 0 0 0 0 0 0 0 0 0 0 0 0 0 0 0 0 0 0 0 0 0 0 0 
> 1484408764891888:2:rx 0 0 0 0 0 0 0 0 0 0 0 0 0 0 0 0 0 0 0 0 0 0 0 0 0 0 0 0 0 0 0 0 0 0 0 0 0 0 0 0 0 0 0 0 0 0 0 0 0 0 0 0 0 0 0 0 0 0 0 0 0 0 0 0 0 0 0 0 0 0 0 0 0 0 0 0 0 0 0 0 0 0 0 0 0 0 0 0 0 0 0 0 0 0 0 0 0 0 0 0 0 0 0 0 0 0 0 0 0 0 0 0 0 0 0 0 0 0 0 0 0 0 0 0 0 0 0 0 
> 1484408767004811:2:tx 2: 46
> 1484408770757295:2:tx 2: 47
> 1484408776867584:2:tx 2: 48
> 1484408778849083:2:tx 2: 49
> 1484408783909698:2:tx 2: 50
> 1484408786349621:2:tx 2: 51
> 1484408792565146:2:tx 2: 52
> 1484408793254419:2:tx 2: 53
> 1484408798953447:2:tx 2: 54
> 1484408804726606:2:tx 2: 55
> 1484408807397427:2:tx 2: 56
> 1484408809156131:2:tx 2: 57
> 1484408814933016:2:tx 2: 58
> 1484408819131733:2:tx 2: 59
> 1484408820923746:2:--- Network status ---
> 1484408820923841:2:-- Server IPv6 addresses:
> 1484408820923926:2:-- fd00::212:4b00:0:fe02
> 1484408820923992:2:-- fe80::212:4b00:0:fe02
> 1484408820924112:2:-- Default route:
> 1484408820924171:2:-- None
> 1484408820924206:2:-- Routing entries (1 in total):
> 1484408820924264:2:-- fd00::212:4b00:0:fe01 via fd00::212:4b00:0:fe01 (lifetime: 0 seconds)
> 1484408820924386:2:----------------------
> 1484408823867036:2:tx 2: 60
> 1484408824753676:2:
> 1484408824753718:2:LINK STATS to 1: 15 15 0
> 1484408824862663:2: 46105 P 0.18 5 341906 149050 13920 392268 22858076 37032 3692 3300 60090 3832194
> 1484408824862790:2:tx 0 0 0 0 0 0 0 0 0 0 0 0 0 0 0 0 0 0 0 0 0 10 0 0 0 0 0 0 0 0 0 0 0 0 0 0 0 0 0 0 0 0 0 0 0 0 0 0 0 0 0 0 0 0 0 0 0 0 0 0 0 0 0 0 0 0 0 0 0 0 0 0 0 0 0 0 0 0 0 0 0 0 0 0 0 0 0 0 0 0 0 60 0 0 0 0 0 0 0 0 0 0 0 0 0 0 0 0 0 0 0 0 0 0 0 0 0 0 0 0 0 0 0 0 0 0 0 0 
> 1484408824886680:2:rx 0 0 0 0 0 0 0 0 0 0 0 0 0 0 0 0 0 0 0 0 0 0 0 0 0 0 0 0 0 0 0 0 0 0 0 0 0 0 0 0 0 0 0 0 0 0 0 0 0 0 0 0 0 0 0 0 0 0 0 0 0 0 0 0 0 0 0 0 0 0 0 0 0 0 0 0 0 0 0 0 0 0 0 0 0 0 0 0 0 0 0 0 0 0 0 0 0 0 0 0 0 0 0 0 0 0 0 0 0 0 0 0 0 0 0 0 0 0 0 0 0 0 0 0 0 0 0 0 
> 1484408827991544:2:tx 2: 61
> 1484408829130933:2:tx 2: 62
> 1484408835428933:2:tx 2: 63
> 1484408838597181:2:tx 2: 64
> 1484408844413764:2:tx 2: 65
> 1484408845279168:2:tx 2: 66
> 1484408849325148:2:tx 2: 67
> 1484408856794105:2:tx 2: 68
> 1484408857048692:2:tx 2: 69
> 1484408861306159:2:tx 2: 70
> 1484408868179787:2:tx 2: 71
> 1484408870102826:2:tx 2: 72
> 1484408873937134:2:tx 2: 73
> 1484408877332935:2:tx 2: 74
> 1484408884547280:2:tx 2: 75
> 1484408884748780:2:
> 1484408884748810:2:LINK STATS to 1: 15 15 0
> 1484408884857573:2: 53785 P 0.18 6 377698 152774 17220 454396 26689452 35792 3724 3300 62128 3831376
> 1484408884857668:2:tx 0 0 0 0 0 0 0 0 0 0 0 0 0 0 0 0 0 0 0 0 0 10 0 0 0 0 0 0 0 0 0 0 0 0 0 0 0 0 0 0 0 0 0 0 0 0 0 0 0 0 0 0 0 0 0 0 0 0 0 0 0 0 0 0 0 0 0 0 0 0 0 0 0 0 0 0 0 0 0 0 0 0 0 0 0 0 0 0 0 0 0 75 0 0 0 0 0 0 0 0 0 0 0 0 0 0 0 0 0 0 0 0 0 0 0 0 0 0 0 0 0 0 0 0 0 0 0 0 
> 1484408884882606:2:rx 0 0 0 0 0 0 0 0 0 0 0 0 0 0 0 0 0 0 0 0 0 0 0 0 0 0 0 0 0 0 0 0 0 0 0 0 0 0 0 0 0 0 0 0 0 0 0 0 0 0 0 0 0 0 0 0 0 0 0 0 0 0 0 0 0 0 0 0 0 0 0 0 0 0 0 0 0 0 0 0 0 0 0 0 0 0 0 0 0 0 0 0 0 0 0 0 0 0 0 0 0 0 0 0 0 0 0 0 0 0 0 0 0 0 0 0 0 0 0 0 0 0 0 0 0 0 0 0 
> 1484408885581644:2:tx 2: 76
> 1484408890919949:2:tx 2: 77
> 1484408896430497:2:tx 2: 78
> 1484408897135582:2:tx 2: 79
> 1484408904514387:2:tx 2: 80
> 1484408907569433:2:tx 2: 81
> 1484408910377597:2:tx 2: 82
> 1484408916174406:2:tx 2: 83
> 1484408918912171:2:tx 2: 84
> 1484408924536635:2:tx 2: 85
> 1484408927861540:2:tx 2: 86
> 1484408929385279:2:tx 2: 87
> 1484408933560468:2:tx 2: 88
> 1484408938949962:2:tx 2: 89
> 1484408943634073:2:tx 2: 90
> 1484408944751681:2:
> 1484408944751738:2:LINK STATS to 1: 15 15 0
> 1484408944853379:2: 61465 P 0.18 7 414570 156480 20520 513784 30522538 36872 3706 3300 59388 3833086
> 1484408944853490:2:tx 0 0 0 0 0 0 0 0 0 0 0 0 0 0 0 0 0 0 0 0 0 10 0 0 0 0 0 0 0 0 0 0 0 0 0 0 0 0 0 0 0 0 0 0 0 0 0 0 0 0 0 0 0 0 0 0 0 0 0 0 0 0 0 0 0 0 0 0 0 0 0 0 0 0 0 0 0 0 0 0 0 0 0 0 0 0 0 0 0 0 0 90 0 0 0 0 0 0 0 0 0 0 0 0 0 0 0 0 0 0 0 0 0 0 0 0 0 0 0 0 0 0 0 0 0 0 0 0 
> 1484408944877439:2:rx 0 0 0 0 0 0 0 0 0 0 0 0 0 0 0 0 0 0 0 0 0 0 0 0 0 0 0 0 0 0 0 0 0 0 0 0 0 0 0 0 0 0 0 0 0 0 0 0 0 0 0 0 0 0 0 0 0 0 0 0 0 0 0 0 0 0 0 0 0 0 0 0 0 0 0 0 0 0 0 0 0 0 0 0 0 0 0 0 0 0 0 0 0 0 0 0 0 0 0 0 0 0 0 0 0 0 0 0 0 0 0 0 0 0 0 0 0 0 0 0 0 0 0 0 0 0 0 0 
> 1484408946681047:2:tx 2: 91
> 1484408951298764:2:tx 2: 92
> 1484408954099079:2:tx 2: 93
> 1484408960193282:2:tx 2: 94
> 1484408963730324:2:tx 2: 95
> 1484408966800853:2:tx 2: 96
> 1484408969045209:2:tx 2: 97
> 1484408976447737:2:tx 2: 98
> 1484408980552106:2:tx 2: 99
> 1484408984367367:2:tx 2: 100
> 1484408988178080:2:tx 2: 101
> 1484408991476252:2:tx 2: 102
> 1484408994867630:2:tx 2: 103
> 1484408998224386:2:tx 2: 104
> 1484409004357635:2:tx 2: 105
> 1484409004746883:2:
> 1484409004746927:2:LINK STATS to 1: 15 15 0
> 1484409004826302:2: 69145 P 0.18 8 453216 160184 23820 580824 34346262 38646 3704 3300 67040 3823724
> 1484409004851665:2:tx 0 0 0 0 0 0 0 0 0 0 0 0 0 0 0 0 0 0 0 0 0 10 0 0 0 0 0 0 0 0 0 0 0 0 0 0 0 0 0 0 0 0 0 0 0 0 0 0 0 0 0 0 0 0 0 0 0 0 0 0 0 0 0 0 0 0 0 0 0 0 0 0 0 0 0 0 0 0 0 0 0 0 0 0 0 0 0 0 0 0 0 105 0 0 0 0 0 0 0 0 0 0 0 0 0 0 0 0 0 0 0 0 0 0 0 0 0 0 0 0 0 0 0 0 0 0 0 0 
> 1484409004876667:2:rx 0 0 0 0 0 0 0 0 0 0 0 0 0 0 0 0 0 0 0 0 0 0 0 0 0 0 0 0 0 0 0 0 0 0 0 0 0 0 0 0 0 0 0 0 0 0 0 0 0 0 0 0 0 0 0 0 0 0 0 0 0 0 0 0 0 0 0 0 0 0 0 0 0 0 0 0 0 0 0 0 0 0 0 0 0 0 0 0 0 0 0 0 0 0 0 0 0 0 0 0 0 0 0 0 0 0 0 0 0 0 0 0 0 0 0 0 0 0 0 0 0 0 0 0 0 0 0 0 
> 1484409008787581:2:tx 2: 106
> 1484409011524973:2:tx 2: 107
> 1484409014357136:2:tx 2: 108
> 1484409018430215:2:tx 2: 109
> 1484409024364039:2:tx 2: 110
> 1484409025895536:2:tx 2: 111
> 1484409032455540:2:tx 2: 112
> 1484409033129447:2:tx 2: 113
> 1484409037304845:2:tx 2: 114
> 1484409044479605:2:tx 2: 115
> 1484409047483839:2:tx 2: 116
> 1484409050006328:2:tx 2: 117
> 1484409053037835:2:tx 2: 118
> 1484409059966029:2:tx 2: 119
> 1484409060927736:2:--- Network status ---
> 1484409060927830:2:-- Server IPv6 addresses:
> 1484409060927915:2:-- fd00::212:4b00:0:fe02
> 1484409060927981:2:-- fe80::212:4b00:0:fe02
> 1484409060928094:2:-- Default route:
> 1484409060928165:2:-- None
> 1484409060928210:2:-- Routing entries (1 in total):
> 1484409060928264:2:-- fd00::212:4b00:0:fe01 via fd00::212:4b00:0:fe01 (lifetime: 0 seconds)
> 1484409060928400:2:----------------------
> 1484409062406099:2:tx 2: 120
> 1484409064741844:2:
> 1484409064741899:2:LINK STATS to 1: 15 15 0
> 1484409064847146:2: 76825 P 0.18 9 490582 163860 27120 646834 38172042 37366 3676 3300 66010 3825780
> 1484409064847273:2:tx 0 0 0 0 0 0 0 0 0 0 0 0 0 0 0 0 0 0 0 0 0 10 0 0 0 0 0 0 0 0 0 0 0 0 0 0 0 0 0 0 0 0 0 0 0 0 0 0 0 0 0 0 0 0 0 0 0 0 0 0 0 0 0 0 0 0 0 0 0 0 0 0 0 0 0 0 0 0 0 0 0 0 0 0 0 0 0 0 0 0 0 120 0 0 0 0 0 0 0 0 0 0 0 0 0 0 0 0 0 0 0 0 0 0 0 0 0 0 0 0 0 0 0 0 0 0 0 0 
> 1484409064871412:2:rx 0 0 0 0 0 0 0 0 0 0 0 0 0 0 0 0 0 0 0 0 0 0 0 0 0 0 0 0 0 0 0 0 0 0 0 0 0 0 0 0 0 0 0 0 0 0 0 0 0 0 0 0 0 0 0 0 0 0 0 0 0 0 0 0 0 0 0 0 0 0 0 0 0 0 0 0 0 0 0 0 0 0 0 0 0 0 0 0 0 0 0 0 0 0 0 0 0 0 0 0 0 0 0 0 0 0 0 0 0 0 0 0 0 0 0 0 0 0 0 0 0 0 0 0 0 0 0 0 
> 1484409066867043:2:tx 2: 121
> 1484409070807617:2:tx 2: 122
> 1484409076521925:2:tx 2: 123
> 1484409080070212:2:tx 2: 124
> 1484409083810688:2:tx 2: 125
> 1484409086473660:2:tx 2: 126
> 1484409092450437:2:tx 2: 127
> 1484409093711457:2:tx 2: 128
> 1484409099551574:2:tx 2: 129
> 1484409102359856:2:tx 2: 130
> 1484409108806356:2:tx 2: 131
> 1484409109041416:2:tx 2: 132
> 1484409113424270:2:tx 2: 133
> 1484409120089921:2:tx 2: 134
> 1484409124202480:2:tx 2: 135
> 1484409124736498:2:
> 1484409124736535:2:LINK STATS to 1: 15 15 0
> 1484409124849639:2: 84505 P 0.18 10 526506 167550 30420 711662 42001126 35924 3690 3300 64828 3829084
> 1484409124849850:2:tx 0 0 0 0 0 0 0 0 0 0 0 0 0 0 0 0 0 0 0 0 0 10 0 0 0 0 0 0 0 0 0 0 0 0 0 0 0 0 0 0 0 0 0 0 0 0 0 0 0 0 0 0 0 0 0 0 0 0 0 0 0 0 0 0 0 0 0 0 0 0 0 0 0 0 0 0 0 0 0 0 0 0 0 0 0 0 0 0 0 0 0 135 0 0 0 0 0 0 0 0 0 0 0 0 0 0 0 0 0 0 0 0 0 0 0 0 0 0 0 0 0 0 0 0 0 0 0 0 
> 1484409124873659:2:rx 0 0 0 0 0 0 0 0 0 0 0 0 0 0 0 0 0 0 0 0 0 0 0 0 0 0 0 0 0 0 0 0 0 0 0 0 0 0 0 0 0 0 0 0 0 0 0 0 0 0 0 0 0 0 0 0 0 0 0 0 0 0 0 0 0 0 0 0 0 0 0 0 0 0 0 0 0 0 0 0 0 0 0 0 0 0 0 0 0 0 0 0 0 0 0 0 0 0 0 0 0 0 0 0 0 0 0 0 0 0 0 0 0 0 0 0 0 0 0 0 0 0 0 0 0 0 0 0 
> 1484409126419266:2:tx 2: 136
> 1484409131283748:2:tx 2: 137
> 1484409134906552:2:tx 2: 138
> 1484409138239448:2:tx 2: 139
> 1484409142062333:2:tx 2: 140
> 1484409148137203:2:tx 2: 141
> 1484409151505332:2:tx 2: 142
> 1484409153902168:2:tx 2: 143
> 1484409159659834:2:tx 2: 144
> 1484409163638701:2:tx 2: 145
> 1484409167195207:2:tx 2: 146
> 1484409171339212:2:tx 2: 147
> 1484409174190149:2:tx 2: 148
> 1484409177676093:2:tx 2: 149
> 1484409182050757:2:tx 2: 150
> 1484409184731241:2:
> 1484409184731276:2:LINK STATS to 1: 15 15 0
> 1484409184844022:2: 92185 P 0.18 11 562552 171280 33720 781686 45824400 36046 3730 3300 70024 3823274
> 1484409184844223:2:tx 0 0 0 0 0 0 0 0 0 0 0 0 0 0 0 0 0 0 0 0 0 10 0 0 0 0 0 0 0 0 0 0 0 0 0 0 0 0 0 0 0 0 0 0 0 0 0 0 0 0 0 0 0 0 0 0 0 0 0 0 0 0 0 0 0 0 0 0 0 0 0 0 0 0 0 0 0 0 0 0 0 0 0 0 0 0 0 0 0 0 0 150 0 0 0 0 0 0 0 0 0 0 0 0 0 0 0 0 0 0 0 0 0 0 0 0 0 0 0 0 0 0 0 0 0 0 0 0 
> 1484409184869517:2:rx 0 0 0 0 0 0 0 0 0 0 0 0 0 0 0 0 0 0 0 0 0 0 0 0 0 0 0 0 0 0 0 0 0 0 0 0 0 0 0 0 0 0 0 0 0 0 0 0 0 0 0 0 0 0 0 0 0 0 0 0 0 0 0 0 0 0 0 0 0 0 0 0 0 0 0 0 0 0 0 0 0 0 0 0 0 0 0 0 0 0 0 0 0 0 0 0 0 0 0 0 0 0 0 0 0 0 0 0 0 0 0 0 0 0 0 0 0 0 0 0 0 0 0 0 0 0 0 0 
