connecting to /dev/ttyUSB0 (115200) [OK]
> 1484480099938385:1:rx 5: 10
> 1484480104061947:1:rx 2: 11
> 1484480108891774:1:
> 1484480108891807:1:LINK STATS to 4: 0 0 3
> 1484480108891829:1:
> 1484480108891832:1:LINK STATS to 3: 0 0 4
> 1484480108891864:1:
> 1484480108891867:1:LINK STATS to 2: 0 0 5
> 1484480108891888:1:
> 1484480108891891:1:LINK STATS to 5: 0 0 4
> 1484480108997234:1: 38425 P 0.18 4 54888 19666926 0 19618070 0 9010 3932160 0 3923150 0
> 1484480108997334:1:tx 0 0 0 0 0 0 0 0 0 0 0 0 0 0 0 0 0 0 0 0 0 0 0 0 0 0 0 0 0 0 0 0 0 0 0 0 0 0 0 0 0 0 0 0 0 0 0 0 0 0 0 0 0 0 0 0 0 0 0 0 0 0 0 0 0 0 0 0 0 0 0 0 0 0 0 0 0 0 0 0 0 0 0 0 0 0 0 0 0 0 0 0 0 0 0 0 0 0 0 0 0 0 0 0 0 0 0 0 0 0 0 0 0 0 0 0 0 0 0 0 0 0 0 0 0 0 0 0 
> 1484480109022221:1:rx 0 0 0 0 0 0 0 0 0 0 0 0 0 0 0 0 0 0 0 0 0 0 0 0 0 0 0 0 0 0 0 0 0 0 0 0 0 0 0 0 0 0 0 0 0 0 0 0 0 0 0 0 0 0 0 0 0 0 0 0 0 0 0 0 0 0 0 0 0 0 0 0 0 0 0 0 0 0 0 0 0 0 0 0 0 0 0 0 0 0 0 0 0 0 0 0 0 0 0 0 0 0 0 0 0 0 0 0 0 0 0 0 0 0 0 0 0 0 0 0 0 0 0 0 0 0 0 0 
> 1484480109045493:1:--- Network status ---
> 1484480109045526:1:-- Server IPv6 addresses:
> 1484480109045552:1:-- fd00::212:4b00:0:fe01
> 1484480109045572:1:-- fe80::212:4b00:0:fe01
> 1484480109045609:1:-- Default route:
> 1484480109045634:1:-- None
> 1484480109045653:1:-- Routing entries (0 in total):
> 1484480109045711:1:----------------------
> 1484480109217089:1:rx 4: 11
> 1484480110322454:1:rx 3: 11
> 1484480121280493:1:rx 2: 12
> 1484480127178075:1:rx 5: 11
> 1484480130665453:1:rx 4: 12
> 1484480131708313:1:rx 3: 12
> 1484480133271096:1:rx 2: 13
> 1484480135230083:1:rx 4: 13
> 1484480135391573:1:rx 3: 13
> 1484480135759088:1:rx 5: 12
> 1484480154710362:1:rx 3: 14
> 1484480158668263:1:rx 5: 13
> 1484480163854835:1:rx 2: 14
> 1484480165187164:1:rx 4: 14
> 1484480166528560:1:rx 2: 15
> 1484480168889944:1:
> 1484480168889981:1:LINK STATS to 4: 0 0 4
> 1484480168890005:1:
> 1484480168890009:1:LINK STATS to 3: 0 0 4
> 1484480168890050:1:
> 1484480168890054:1:LINK STATS to 2: 0 0 4
> 1484480168890085:1:
> 1484480168890086:1:LINK STATS to 5: 0 0 3
> 1484480168994172:1: 46105 P 0.18 5 63848 23599086 0 23541270 0 8960 3932160 0 3923200 0
> 1484480168994240:1:tx 0 0 0 0 0 0 0 0 0 0 0 0 0 0 0 0 0 0 0 0 0 0 0 0 0 0 0 0 0 0 0 0 0 0 0 0 0 0 0 0 0 0 0 0 0 0 0 0 0 0 0 0 0 0 0 0 0 0 0 0 0 0 0 0 0 0 0 0 0 0 0 0 0 0 0 0 0 0 0 0 0 0 0 0 0 0 0 0 0 0 0 0 0 0 0 0 0 0 0 0 0 0 0 0 0 0 0 0 0 0 0 0 0 0 0 0 0 0 0 0 0 0 0 0 0 0 0 0 
> 1484480169019352:1:rx 0 0 0 0 0 0 0 0 0 0 0 0 0 0 0 0 0 0 0 0 0 0 0 0 0 0 0 0 0 0 0 0 0 0 0 0 0 0 0 0 0 0 0 0 0 0 0 0 0 0 0 0 0 0 0 0 0 0 0 0 0 0 0 0 0 0 0 0 0 0 0 0 0 0 0 0 0 0 0 0 0 0 0 0 0 0 0 0 0 0 0 0 0 0 0 0 0 0 0 0 0 0 0 0 0 0 0 0 0 0 0 0 0 0 0 0 0 0 0 0 0 0 0 0 0 0 0 0 
> 1484480169041958:1:--- Network status ---
> 1484480169042011:1:-- Server IPv6 addresses:
> 1484480169042057:1:-- fd00::212:4b00:0:fe01
> 1484480169042093:1:-- fe80::212:4b00:0:fe01
> 1484480169042137:1:-- Default route:
> 1484480169042158:1:-- None
> 1484480169042172:1:-- Routing entries (0 in total):
> 1484480169042202:1:----------------------
> 1484480173192027:1:rx 5: 14
> 1484480174846037:1:rx 3: 15
> 1484480182810751:1:rx 4: 15
> 1484480183301042:1:rx 2: 16
> 1484480185253519:1:rx 4: 16
> 1484480185892991:1:rx 5: 15
> 1484480189292580:1:rx 3: 16
> 1484480199627904:1:rx 5: 16
> 1484480200961530:1:rx 3: 17
> 1484480205022605:1:rx 2: 17
> 1484480207247359:1:rx 4: 17
> 1484480216474134:1:rx 3: 18
> 1484480218007341:1:rx 5: 17
> 1484480223358298:1:rx 4: 18
> 1484480223394902:1:rx 2: 18
> 1484480228882047:1:
> 1484480228882083:1:LINK STATS to 4: 0 0 4
> 1484480228882106:1:
> 1484480228882110:1:LINK STATS to 3: 0 0 4
> 1484480228882151:1:
> 1484480228882156:1:LINK STATS to 2: 0 0 3
> 1484480228882179:1:
> 1484480228882182:1:LINK STATS to 5: 0 0 4
> 1484480228991212:1: 53785 P 0.18 6 72814 27531246 0 27464464 0 8966 3932160 0 3923194 0
> 1484480228991311:1:tx 0 0 0 0 0 0 0 0 0 0 0 0 0 0 0 0 0 0 0 0 0 0 0 0 0 0 0 0 0 0 0 0 0 0 0 0 0 0 0 0 0 0 0 0 0 0 0 0 0 0 0 0 0 0 0 0 0 0 0 0 0 0 0 0 0 0 0 0 0 0 0 0 0 0 0 0 0 0 0 0 0 0 0 0 0 0 0 0 0 0 0 0 0 0 0 0 0 0 0 0 0 0 0 0 0 0 0 0 0 0 0 0 0 0 0 0 0 0 0 0 0 0 0 0 0 0 0 0 
> 1484480229015226:1:rx 0 0 0 0 0 0 0 0 0 0 0 0 0 0 0 0 0 0 0 0 0 0 0 0 0 0 0 0 0 0 0 0 0 0 0 0 0 0 0 0 0 0 0 0 0 0 0 0 0 0 0 0 0 0 0 0 0 0 0 0 0 0 0 0 0 0 0 0 0 0 0 0 0 0 0 0 0 0 0 0 0 0 0 0 0 0 0 0 0 0 0 0 0 0 0 0 0 0 0 0 0 0 0 0 0 0 0 0 0 0 0 0 0 0 0 0 0 0 0 0 0 0 0 0 0 0 0 0 
> 1484480229038738:1:--- Network status ---
> 1484480229038771:1:-- Server IPv6 addresses:
> 1484480229038798:1:-- fd00::212:4b00:0:fe01
> 1484480229038818:1:-- fe80::212:4b00:0:fe01
> 1484480229038843:1:-- Default route:
> 1484480229038867:1:-- None
> 1484480229038886:1:-- Routing entries (0 in total):
> 1484480229038924:1:----------------------
> 1484480231440692:1:rx 2: 19
> 1484480234587793:1:rx 5: 18
> 1484480238414312:1:rx 3: 19
> 1484480239107346:1:rx 4: 19
> 1484480246575816:1:rx 5: 19
> 1484480254640877:1:rx 3: 20
> 1484480258497051:1:rx 2: 20
> 1484480258584992:1:rx 4: 20
> 1484480261542214:1:rx 5: 20
> 1484480263341579:1:rx 2: 21
> 1484480270161236:1:rx 4: 21
> 1484480270597028:1:rx 3: 21
> 1484480277791621:1:rx 2: 22
> 1484480279789767:1:rx 4: 22
> 1484480279834076:1:rx 3: 22
> 1484480283842993:1:rx 5: 21
> 1484480288884647:1:
> 1484480288884676:1:LINK STATS to 4: 0 0 4
> 1484480288884696:1:
> 1484480288884698:1:LINK STATS to 3: 0 0 4
> 1484480288884727:1:
> 1484480288884730:1:LINK STATS to 2: 0 0 4
> 1484480288884748:1:
> 1484480288884751:1:LINK STATS to 5: 0 0 4
> 1484480288986927:1: 61465 P 0.18 7 82148 31463406 0 31387290 0 9334 3932160 0 3922826 0
> 1484480288987052:1:tx 0 0 0 0 0 0 0 0 0 0 0 0 0 0 0 0 0 0 0 0 0 0 0 0 0 0 0 0 0 0 0 0 0 0 0 0 0 0 0 0 0 0 0 0 0 0 0 0 0 0 0 0 0 0 0 0 0 0 0 0 0 0 0 0 0 0 0 0 0 0 0 0 0 0 0 0 0 0 0 0 0 0 0 0 0 0 0 0 0 0 0 0 0 0 0 0 0 0 0 0 0 0 0 0 0 0 0 0 0 0 0 0 0 0 0 0 0 0 0 0 0 0 0 0 0 0 0 0 
> 1484480289012149:1:rx 0 0 0 0 0 0 0 0 0 0 0 0 0 0 0 0 0 0 0 0 0 0 0 0 0 0 0 0 0 0 0 0 0 0 0 0 0 0 0 0 0 0 0 0 0 0 0 0 0 0 0 0 0 0 0 0 0 0 0 0 0 0 0 0 0 0 0 0 0 0 0 0 0 0 0 0 0 0 0 0 0 0 0 0 0 0 0 0 0 0 0 0 0 0 0 0 0 0 0 0 0 0 0 0 0 0 0 0 0 0 0 0 0 0 0 0 0 0 0 0 0 0 0 0 0 0 0 0 
> 1484480289035312:1:--- Network status ---
> 1484480289035358:1:-- Server IPv6 addresses:
> 1484480289035399:1:-- fd00::212:4b00:0:fe01
> 1484480289035431:1:-- fe80::212:4b00:0:fe01
> 1484480289035470:1:-- Default route:
> 1484480289035487:1:-- None
> 1484480289035500:1:-- Routing entries (0 in total):
> 1484480289035526:1:----------------------
> 1484480290357141:1:rx 5: 22
> 1484480300078944:1:rx 3: 23
> 1484480301301585:1:rx 2: 23
> 1484480305262017:1:rx 4: 23
> 1484480312324194:1:rx 2: 24
> 1484480313134447:1:rx 3: 24
> 1484480316019075:1:rx 5: 23
> 1484480320400468:1:rx 4: 24
> 1484480325344599:1:rx 2: 25
> 1484480328366479:1:rx 3: 25
> 1484480336278942:1:rx 5: 24
> 1484480339097561:1:rx 4: 25
> 1484480347089894:1:rx 5: 25
> 1484480348875063:1:
> 1484480348875105:1:LINK STATS to 4: 0 0 3
> 1484480348875150:1:
> 1484480348875156:1:LINK STATS to 3: 0 0 3
> 1484480348875214:1:
> 1484480348875225:1:LINK STATS to 2: 0 0 3
> 1484480348875274:1:
> 1484480348875294:1:LINK STATS to 5: 0 0 4
> 1484480348984057:1: 69145 P 0.18 8 90978 35395566 0 35310620 0 8830 3932160 0 3923330 0
> 1484480348984193:1:tx 0 0 0 0 0 0 0 0 0 0 0 0 0 0 0 0 0 0 0 0 0 0 0 0 0 0 0 0 0 0 0 0 0 0 0 0 0 0 0 0 0 0 0 0 0 0 0 0 0 0 0 0 0 0 0 0 0 0 0 0 0 0 0 0 0 0 0 0 0 0 0 0 0 0 0 0 0 0 0 0 0 0 0 0 0 0 0 0 0 0 0 0 0 0 0 0 0 0 0 0 0 0 0 0 0 0 0 0 0 0 0 0 0 0 0 0 0 0 0 0 0 0 0 0 0 0 0 0 
> 1484480349009082:1:rx 0 0 0 0 0 0 0 0 0 0 0 0 0 0 0 0 0 0 0 0 0 0 0 0 0 0 0 0 0 0 0 0 0 0 0 0 0 0 0 0 0 0 0 0 0 0 0 0 0 0 0 0 0 0 0 0 0 0 0 0 0 0 0 0 0 0 0 0 0 0 0 0 0 0 0 0 0 0 0 0 0 0 0 0 0 0 0 0 0 0 0 0 0 0 0 0 0 0 0 0 0 0 0 0 0 0 0 0 0 0 0 0 0 0 0 0 0 0 0 0 0 0 0 0 0 0 0 0 
> 1484480349031766:1:--- Network status ---
> 1484480349031796:1:-- Server IPv6 addresses:
> 1484480349031822:1:-- fd00::212:4b00:0:fe01
> 1484480349031842:1:-- fe80::212:4b00:0:fe01
> 1484480349031866:1:-- Default route:
> 1484480349031881:1:-- None
> 1484480349031892:1:-- Routing entries (0 in total):
> 1484480349031918:1:----------------------
> 1484480353542343:1:rx 2: 26
> 1484480354769276:1:rx 3: 26
> 1484480356972139:1:rx 5: 26
> 1484480357541045:1:rx 4: 26
> 1484480366475416:1:rx 3: 27
> 1484480369192456:1:rx 4: 27
> 1484480370081920:1:rx 2: 27
> 1484480378565275:1:rx 2: 28
> 1484480384103768:1:rx 5: 27
> 1484480384593724:1:rx 3: 28
> 1484480388336907:1:rx 4: 28
> 1484480391718184:1:rx 5: 28
> 1484480400556528:1:rx 3: 29
> 1484480402658980:1:rx 4: 29
> 1484480403259549:1:rx 2: 29
> 1484480407977068:1:rx 3: 30
> 1484480408876987:1:
> 1484480408877024:1:LINK STATS to 4: 0 0 4
> 1484480408877047:1:
> 1484480408877052:1:LINK STATS to 3: 0 0 5
> 1484480408877093:1:
> 1484480408877097:1:LINK STATS to 2: 0 0 4
> 1484480408877121:1:
> 1484480408877125:1:LINK STATS to 5: 0 0 3
> 1484480408980815:1: 76825 P 0.18 9 100016 39327726 0 39233742 0 9038 3932160 0 3923122 0
> 1484480408980912:1:tx 0 0 0 0 0 0 0 0 0 0 0 0 0 0 0 0 0 0 0 0 0 0 0 0 0 0 0 0 0 0 0 0 0 0 0 0 0 0 0 0 0 0 0 0 0 0 0 0 0 0 0 0 0 0 0 0 0 0 0 0 0 0 0 0 0 0 0 0 0 0 0 0 0 0 0 0 0 0 0 0 0 0 0 0 0 0 0 0 0 0 0 0 0 0 0 0 0 0 0 0 0 0 0 0 0 0 0 0 0 0 0 0 0 0 0 0 0 0 0 0 0 0 0 0 0 0 0 0 
> 1484480409004822:1:rx 0 0 0 0 0 0 0 0 0 0 0 0 0 0 0 0 0 0 0 0 0 0 0 0 0 0 0 0 0 0 0 0 0 0 0 0 0 0 0 0 0 0 0 0 0 0 0 0 0 0 0 0 0 0 0 0 0 0 0 0 0 0 0 0 0 0 0 0 0 0 0 0 0 0 0 0 0 0 0 0 0 0 0 0 0 0 0 0 0 0 0 0 0 0 0 0 0 0 0 0 0 0 0 0 0 0 0 0 0 0 0 0 0 0 0 0 0 0 0 0 0 0 0 0 0 0 0 0 
> 1484480409028594:1:--- Network status ---
> 1484480409028625:1:-- Server IPv6 addresses:
> 1484480409028651:1:-- fd00::212:4b00:0:fe01
> 1484480409028671:1:-- fe80::212:4b00:0:fe01
> 1484480409028721:1:-- Default route:
> 1484480409028745:1:-- None
> 1484480409028763:1:-- Routing entries (0 in total):
> 1484480409028829:1:----------------------
> 1484480414087995:1:rx 5: 29
> 1484480418563327:1:rx 4: 30
> 1484480420103679:1:rx 2: 30
> 1484480425560658:1:rx 3: 31
> 1484480430497019:1:rx 5: 30
> 1484480432927386:1:rx 2: 31
> 1484480435808493:1:rx 4: 31
> 1484480438271041:1:rx 3: 32
> 1484480446927916:1:rx 5: 31
> 1484480449021507:1:rx 4: 32
> 1484480452277831:1:rx 2: 32
> 1484480461160113:1:rx 4: 33
> 1484480461277648:1:rx 2: 33
> 1484480461775317:1:rx 3: 33
> 1484480462342593:1:rx 5: 32
> 1484480468874555:1:
> 1484480468874585:1:LINK STATS to 4: 0 0 4
> 1484480468874608:1:
> 1484480468874611:1:LINK STATS to 3: 0 0 3
> 1484480468874644:1:
> 1484480468874647:1:LINK STATS to 2: 0 0 4
> 1484480468874667:1:
> 1484480468874670:1:LINK STATS to 5: 0 0 4
> 1484480468976854:1: 84505 P 0.18 10 109504 43259886 0 43156414 0 9488 3932160 0 3922672 0
> 1484480468976955:1:tx 0 0 0 0 0 0 0 0 0 0 0 0 0 0 0 0 0 0 0 0 0 0 0 0 0 0 0 0 0 0 0 0 0 0 0 0 0 0 0 0 0 0 0 0 0 0 0 0 0 0 0 0 0 0 0 0 0 0 0 0 0 0 0 0 0 0 0 0 0 0 0 0 0 0 0 0 0 0 0 0 0 0 0 0 0 0 0 0 0 0 0 0 0 0 0 0 0 0 0 0 0 0 0 0 0 0 0 0 0 0 0 0 0 0 0 0 0 0 0 0 0 0 0 0 0 0 0 0 
> 1484480469001930:1:rx 0 0 0 0 0 0 0 0 0 0 0 0 0 0 0 0 0 0 0 0 0 0 0 0 0 0 0 0 0 0 0 0 0 0 0 0 0 0 0 0 0 0 0 0 0 0 0 0 0 0 0 0 0 0 0 0 0 0 0 0 0 0 0 0 0 0 0 0 0 0 0 0 0 0 0 0 0 0 0 0 0 0 0 0 0 0 0 0 0 0 0 0 0 0 0 0 0 0 0 0 0 0 0 0 0 0 0 0 0 0 0 0 0 0 0 0 0 0 0 0 0 0 0 0 0 0 0 0 
> 1484480469024877:1:--- Network status ---
> 1484480469024925:1:-- Server IPv6 addresses:
> 1484480469024974:1:-- fd00::212:4b00:0:fe01
> 1484480469025009:1:-- fe80::212:4b00:0:fe01
> 1484480469025053:1:-- Default route:
> 1484480469025081:1:-- None
> 1484480469025105:1:-- Routing entries (0 in total):
> 1484480469025147:1:----------------------
> 1484480472718065:1:rx 4: 34
> 1484480474778655:1:rx 5: 33
> 1484480479972780:1:rx 3: 34
> 1484480482009986:1:rx 2: 34
> 1484480488103134:1:rx 4: 35
> 1484480488249297:1:rx 5: 34
> 1484480496181052:1:rx 3: 35
> 1484480497025045:1:rx 2: 35
> 1484480501784545:1:rx 2: 36
> 1484480509041855:1:rx 5: 35
> 1484480514340121:1:rx 3: 36
> 1484480515111197:1:rx 4: 36
> 1484480519475767:1:rx 4: 37
> 1484480520254859:1:rx 3: 37
> 1484480524495646:1:rx 5: 36
> 1484480528870357:1:
> 1484480528870384:1:LINK STATS to 4: 0 0 4
> 1484480528870400:1:
> 1484480528870402:1:LINK STATS to 3: 0 0 4
> 1484480528870439:1:
> 1484480528870441:1:LINK STATS to 2: 0 0 3
> 1484480528870452:1:
> 1484480528870453:1:LINK STATS to 5: 0 0 4
> 1484480528973834:1: 92185 P 0.18 11 118578 47192046 0 47079500 0 9074 3932160 0 3923086 0
> 1484480528973914:1:tx 0 0 0 0 0 0 0 0 0 0 0 0 0 0 0 0 0 0 0 0 0 0 0 0 0 0 0 0 0 0 0 0 0 0 0 0 0 0 0 0 0 0 0 0 0 0 0 0 0 0 0 0 0 0 0 0 0 0 0 0 0 0 0 0 0 0 0 0 0 0 0 0 0 0 0 0 0 0 0 0 0 0 0 0 0 0 0 0 0 0 0 0 0 0 0 0 0 0 0 0 0 0 0 0 0 0 0 0 0 0 0 0 0 0 0 0 0 0 0 0 0 0 0 0 0 0 0 0 
> 1484480528999008:1:rx 0 0 0 0 0 0 0 0 0 0 0 0 0 0 0 0 0 0 0 0 0 0 0 0 0 0 0 0 0 0 0 0 0 0 0 0 0 0 0 0 0 0 0 0 0 0 0 0 0 0 0 0 0 0 0 0 0 0 0 0 0 0 0 0 0 0 0 0 0 0 0 0 0 0 0 0 0 0 0 0 0 0 0 0 0 0 0 0 0 0 0 0 0 0 0 0 0 0 0 0 0 0 0 0 0 0 0 0 0 0 0 0 0 0 0 0 0 0 0 0 0 0 0 0 0 0 0 0 
> 1484480529021847:1:--- Network status ---
> 1484480529021872:1:-- Server IPv6 addresses:
> 1484480529021892:1:-- fd00::212:4b00:0:fe01
> 1484480529021907:1:-- fe80::212:4b00:0:fe01
> 1484480529021927:1:-- Default route:
> 1484480529021945:1:-- None
> 1484480529021959:1:-- Routing entries (0 in total):
> 1484480529021989:1:----------------------
> 1484480530544261:1:rx 2: 37
> 1484480534427718:1:rx 5: 37
> 1484480535949588:1:rx 3: 38
> 1484480539306483:1:rx 2: 38
> 1484480545895647:1:rx 4: 38
> 1484480552070861:1:rx 2: 39
> 1484480553560184:1:rx 5: 38
> 1484480561013015:1:rx 4: 39
> 1484480561940472:1:rx 3: 39
> 1484480565829601:1:rx 2: 40
> 1484480567423854:1:rx 4: 40
> 1484480571985227:1:rx 5: 39
> 1484480579541190:1:rx 3: 40
> 1484480584642377:1:rx 2: 41
> 1484480585522921:1:rx 5: 40
> 1484480588863795:1:
> 1484480588863829:1:LINK STATS to 4: 0 0 3
> 1484480588863860:1:
> 1484480588863864:1:LINK STATS to 3: 0 0 3
> 1484480588863907:1:
> 1484480588863912:1:LINK STATS to 2: 0 0 5
> 1484480588863944:1:
> 1484480588863949:1:LINK STATS to 5: 0 0 4
> 1484480588970633:1: 99865 P 0.18 12 127696 51124206 0 51002542 0 9118 3932160 0 3923042 0
> 1484480588970750:1:tx 0 0 0 0 0 0 0 0 0 0 0 0 0 0 0 0 0 0 0 0 0 0 0 0 0 0 0 0 0 0 0 0 0 0 0 0 0 0 0 0 0 0 0 0 0 0 0 0 0 0 0 0 0 0 0 0 0 0 0 0 0 0 0 0 0 0 0 0 0 0 0 0 0 0 0 0 0 0 0 0 0 0 0 0 0 0 0 0 0 0 0 0 0 0 0 0 0 0 0 0 0 0 0 0 0 0 0 0 0 0 0 0 0 0 0 0 0 0 0 0 0 0 0 0 0 0 0 0 
> 1484480588995810:1:rx 0 0 0 0 0 0 0 0 0 0 0 0 0 0 0 0 0 0 0 0 0 0 0 0 0 0 0 0 0 0 0 0 0 0 0 0 0 0 0 0 0 0 0 0 0 0 0 0 0 0 0 0 0 0 0 0 0 0 0 0 0 0 0 0 0 0 0 0 0 0 0 0 0 0 0 0 0 0 0 0 0 0 0 0 0 0 0 0 0 0 0 0 0 0 0 0 0 0 0 0 0 0 0 0 0 0 0 0 0 0 0 0 0 0 0 0 0 0 0 0 0 0 0 0 0 0 0 0 
> 1484480589018574:1:--- Network status ---
> 1484480589018599:1:-- Server IPv6 addresses:
> 1484480589018621:1:-- fd00::212:4b00:0:fe01
> 1484480589018644:1:-- fe80::212:4b00:0:fe01
> 1484480589018675:1:-- Default route:
> 1484480589018693:1:-- None
> 1484480589018708:1:-- Routing entries (0 in total):
> 1484480589018764:1:----------------------
> 1484480590030951:1:rx 3: 41
> 1484480596752462:1:rx 4: 41
> 1484480607260670:1:rx 5: 41
> 1484480609556136:1:rx 3: 42
> 1484480610790577:1:rx 2: 42
> 1484480611843402:1:rx 4: 42
> 1484480615422862:1:rx 4: 43
> 1484480619952819:1:rx 5: 42
> 1484480623123391:1:rx 3: 43
> 1484480625913941:1:rx 2: 43
> 1484480627385926:1:rx 5: 43
> 1484480630524997:1:rx 3: 44
> 1484480630564203:1:rx 2: 44
> 1484480640571897:1:rx 4: 44
> 1484480646845939:1:rx 3: 45
> 1484480648863333:1:
> 1484480648863370:1:LINK STATS to 4: 0 0 4
> 1484480648863393:1:
> 1484480648863397:1:LINK STATS to 3: 0 0 5
> 1484480648863439:1:
> 1484480648863444:1:LINK STATS to 2: 0 0 3
> 1484480648863468:1:
> 1484480648863471:1:LINK STATS to 5: 0 0 3
> 1484480648967584:1: 107545 P 0.18 13 136710 55056366 0 54925688 0 9014 3932160 0 3923146 0
> 1484480648967700:1:tx 0 0 0 0 0 0 0 0 0 0 0 0 0 0 0 0 0 0 0 0 0 0 0 0 0 0 0 0 0 0 0 0 0 0 0 0 0 0 0 0 0 0 0 0 0 0 0 0 0 0 0 0 0 0 0 0 0 0 0 0 0 0 0 0 0 0 0 0 0 0 0 0 0 0 0 0 0 0 0 0 0 0 0 0 0 0 0 0 0 0 0 0 0 0 0 0 0 0 0 0 0 0 0 0 0 0 0 0 0 0 0 0 0 0 0 0 0 0 0 0 0 0 0 0 0 0 0 0 
> 1484480648991823:1:rx 0 0 0 0 0 0 0 0 0 0 0 0 0 0 0 0 0 0 0 0 0 0 0 0 0 0 0 0 0 0 0 0 0 0 0 0 0 0 0 0 0 0 0 0 0 0 0 0 0 0 0 0 0 0 0 0 0 0 0 0 0 0 0 0 0 0 0 0 0 0 0 0 0 0 0 0 0 0 0 0 0 0 0 0 0 0 0 0 0 0 0 0 0 0 0 0 0 0 0 0 0 0 0 0 0 0 0 0 0 0 0 0 0 0 0 0 0 0 0 0 0 0 0 0 0 0 0 0 
> 1484480649014744:1:--- Network status ---
> 1484480649014777:1:-- Server IPv6 addresses:
> 1484480649014805:1:-- fd00::212:4b00:0:fe01
> 1484480649014827:1:-- fe80::212:4b00:0:fe01
> 1484480649014854:1:-- Default route:
> 1484480649014871:1:-- None
> 1484480649014883:1:-- Routing entries (0 in total):
> 1484480649014912:1:----------------------
> 1484480650252142:1:rx 5: 44
> 1484480653986721:1:rx 2: 45
> 1484480654679767:1:rx 4: 45
> 1484480656849736:1:rx 5: 45
> 1484480670471224:1:rx 2: 46
> 1484480675022962:1:rx 3: 46
> 1484480676098933:1:rx 5: 46
> 1484480678222043:1:rx 4: 46
> 1484480678899441:1:rx 3: 47
> 1484480687379667:1:rx 4: 47
> 1484480687853948:1:rx 2: 47
> 1484480691899400:1:rx 5: 47
> 1484480695343009:1:rx 2: 48
> 1484480704116977:1:rx 4: 48
> 1484480708861124:1:
> 1484480708861161:1:LINK STATS to 4: 0 0 4
> 1484480708861184:1:
> 1484480708861190:1:LINK STATS to 3: 0 0 2
> 1484480708861232:1:
> 1484480708861235:1:LINK STATS to 2: 0 0 4
> 1484480708861260:1:
> 1484480708861263:1:LINK STATS to 5: 0 0 4
> 1484480708963601:1: 115225 P 0.18 14 145632 58988526 0 58848926 0 8922 3932160 0 3923238 0
> 1484480708963717:1:tx 0 0 0 0 0 0 0 0 0 0 0 0 0 0 0 0 0 0 0 0 0 0 0 0 0 0 0 0 0 0 0 0 0 0 0 0 0 0 0 0 0 0 0 0 0 0 0 0 0 0 0 0 0 0 0 0 0 0 0 0 0 0 0 0 0 0 0 0 0 0 0 0 0 0 0 0 0 0 0 0 0 0 0 0 0 0 0 0 0 0 0 0 0 0 0 0 0 0 0 0 0 0 0 0 0 0 0 0 0 0 0 0 0 0 0 0 0 0 0 0 0 0 0 0 0 0 0 0 
> 1484480708988626:1:rx 0 0 0 0 0 0 0 0 0 0 0 0 0 0 0 0 0 0 0 0 0 0 0 0 0 0 0 0 0 0 0 0 0 0 0 0 0 0 0 0 0 0 0 0 0 0 0 0 0 0 0 0 0 0 0 0 0 0 0 0 0 0 0 0 0 0 0 0 0 0 0 0 0 0 0 0 0 0 0 0 0 0 0 0 0 0 0 0 0 0 0 0 0 0 0 0 0 0 0 0 0 0 0 0 0 0 0 0 0 0 0 0 0 0 0 0 0 0 0 0 0 0 0 0 0 0 0 0 
> 1484480709011771:1:--- Network status ---
> 1484480709011802:1:-- Server IPv6 addresses:
> 1484480709011830:1:-- fd00::212:4b00:0:fe01
> 1484480709011853:1:-- fe80::212:4b00:0:fe01
> 1484480709011894:1:-- Default route:
> 1484480709011910:1:-- None
> 1484480709011921:1:-- Routing entries (0 in total):
> 1484480709011947:1:----------------------
> 1484480709573107:1:rx 5: 48
> 1484480709813361:1:rx 3: 48
> 1484480713962563:1:rx 4: 49
> 1484480716490809:1:rx 2: 49
> 1484480719003582:1:rx 3: 49
> 1484480722525624:1:rx 5: 49
> 1484480735340137:1:rx 4: 50
> 1484480735956583:1:rx 3: 50
> 1484480737133916:1:rx 5: 50
> 1484480738384076:1:rx 2: 50
> 1484480746776523:1:rx 4: 51
> 1484480747302276:1:rx 2: 51
> 1484480752895142:1:rx 3: 51
> 1484480758646023:1:rx 2: 52
> 1484480758713777:1:rx 5: 51
> 1484480768850621:1:
> 1484480768850659:1:LINK STATS to 4: 0 0 3
> 1484480768850692:1:
> 1484480768850695:1:LINK STATS to 3: 0 0 4
> 1484480768850723:1:
> 1484480768850726:1:LINK STATS to 2: 0 0 4
> 1484480768850748:1:
> 1484480768850752:1:LINK STATS to 5: 0 0 4
> 1484480768960393:1: 122905 P 0.18 15 154618 62920686 0 62772100 0 8986 3932160 0 3923174 0
> 1484480768960482:1:tx 0 0 0 0 0 0 0 0 0 0 0 0 0 0 0 0 0 0 0 0 0 0 0 0 0 0 0 0 0 0 0 0 0 0 0 0 0 0 0 0 0 0 0 0 0 0 0 0 0 0 0 0 0 0 0 0 0 0 0 0 0 0 0 0 0 0 0 0 0 0 0 0 0 0 0 0 0 0 0 0 0 0 0 0 0 0 0 0 0 0 0 0 0 0 0 0 0 0 0 0 0 0 0 0 0 0 0 0 0 0 0 0 0 0 0 0 0 0 0 0 0 0 0 0 0 0 0 0 
> 1484480768985673:1:rx 0 0 0 0 0 0 0 0 0 0 0 0 0 0 0 0 0 0 0 0 0 0 0 0 0 0 0 0 0 0 0 0 0 0 0 0 0 0 0 0 0 0 0 0 0 0 0 0 0 0 0 0 0 0 0 0 0 0 0 0 0 0 0 0 0 0 0 0 0 0 0 0 0 0 0 0 0 0 0 0 0 0 0 0 0 0 0 0 0 0 0 0 0 0 0 0 0 0 0 0 0 0 0 0 0 0 0 0 0 0 0 0 0 0 0 0 0 0 0 0 0 0 0 0 0 0 0 0 
> 1484480769008589:1:--- Network status ---
> 1484480769008608:1:-- Server IPv6 addresses:
> 1484480769008625:1:-- fd00::212:4b00:0:fe01
> 1484480769008638:1:-- fe80::212:4b00:0:fe01
> 1484480769008654:1:-- Default route:
> 1484480769008663:1:-- None
> 1484480769008670:1:-- Routing entries (0 in total):
> 1484480769008687:1:----------------------
> 1484480773248361:1:rx 4: 52
> 1484480773675682:1:rx 3: 52
> 1484480776453273:1:rx 5: 52
> 1484480782064888:1:rx 3: 53
> 1484480786443388:1:rx 4: 53
> 1484480787235726:1:rx 2: 53
> 1484480795844510:1:rx 4: 54
> 1484480799796173:1:rx 2: 54
> 1484480800465779:1:rx 5: 53
> 1484480800791347:1:rx 3: 54
> 1484480807529376:1:rx 5: 54
> 1484480811907728:1:rx 4: 55
> 1484480812103652:1:rx 3: 55
> 1484480817469163:1:rx 2: 55
> 1484480817964570:1:rx 5: 55
> 1484480824737202:1:rx 3: 56
> 1484480828849021:1:
> 1484480828849047:1:LINK STATS to 4: 0 0 4
> 1484480828849070:1:
> 1484480828849072:1:LINK STATS to 3: 0 0 5
> 1484480828849101:1:
> 1484480828849104:1:LINK STATS to 2: 0 0 3
> 1484480828849138:1:
> 1484480828849145:1:LINK STATS to 5: 0 0 4
> 1484480828883929:1:rx 4: 56
> 1484480828957380:1: 130585 P 0.18 16 164178 66852848 0 66694702 0 9560 3932162 0 3922602 0
> 1484480828957466:1:tx 0 0 0 0 0 0 0 0 0 0 0 0 0 0 0 0 0 0 0 0 0 0 0 0 0 0 0 0 0 0 0 0 0 0 0 0 0 0 0 0 0 0 0 0 0 0 0 0 0 0 0 0 0 0 0 0 0 0 0 0 0 0 0 0 0 0 0 0 0 0 0 0 0 0 0 0 0 0 0 0 0 0 0 0 0 0 0 0 0 0 0 0 0 0 0 0 0 0 0 0 0 0 0 0 0 0 0 0 0 0 0 0 0 0 0 0 0 0 0 0 0 0 0 0 0 0 0 0 
> 1484480828981748:1:rx 0 0 0 0 0 0 0 0 0 0 0 0 0 0 0 0 0 0 0 0 0 0 0 0 0 0 0 0 0 0 0 0 0 0 0 0 0 0 0 0 0 0 0 0 0 0 0 0 0 0 0 0 0 0 0 0 0 0 0 0 0 0 0 0 0 0 0 0 0 0 0 0 0 0 0 0 0 0 0 0 0 0 0 0 0 0 0 0 0 0 0 0 0 0 0 0 0 0 0 0 0 0 0 0 0 0 0 0 0 0 0 0 0 0 0 0 0 0 0 0 0 0 0 0 0 0 0 0 
> 1484480829005172:1:--- Network status ---
> 1484480829005202:1:-- Server IPv6 addresses:
> 1484480829005235:1:-- fd00::212:4b00:0:fe01
> 1484480829005279:1:-- fe80::212:4b00:0:fe01
> 1484480829005312:1:-- Default route:
> 1484480829005333:1:-- None
> 1484480829005351:1:-- Routing entries (0 in total):
> 1484480829005392:1:----------------------
> 1484480833953044:1:rx 5: 56
> 1484480834534322:1:rx 2: 56
> 1484480842002835:1:rx 4: 57
> 1484480847377658:1:rx 3: 57
> 1484480850320269:1:rx 2: 57
> 1484480854898535:1:rx 3: 58
> 1484480856763442:1:rx 2: 58
> 1484480862804851:1:rx 5: 57
> 1484480869103423:1:rx 4: 58
> 1484480869802687:1:rx 2: 59
> 1484480870785478:1:rx 5: 58
> 1484480880795987:1:rx 5: 59
> 1484480882128305:1:rx 4: 59
> 1484480882552041:1:rx 3: 59
> 1484480888843853:1:
> 1484480888843879:1:LINK STATS to 4: 0 0 4
> 1484480888843908:1:
> 1484480888843910:1:LINK STATS to 3: 0 0 3
> 1484480888843938:1:
> 1484480888843941:1:LINK STATS to 2: 0 0 4
> 1484480888843959:1:
> 1484480888843963:1:LINK STATS to 5: 0 0 4
> 1484480888953465:1: 138265 P 0.18 17 173348 70785006 0 70617690 0 9170 3932158 0 3922988 0
> 1484480888953584:1:tx 0 0 0 0 0 0 0 0 0 0 0 0 0 0 0 0 0 0 0 0 0 0 0 0 0 0 0 0 0 0 0 0 0 0 0 0 0 0 0 0 0 0 0 0 0 0 0 0 0 0 0 0 0 0 0 0 0 0 0 0 0 0 0 0 0 0 0 0 0 0 0 0 0 0 0 0 0 0 0 0 0 0 0 0 0 0 0 0 0 0 0 0 0 0 0 0 0 0 0 0 0 0 0 0 0 0 0 0 0 0 0 0 0 0 0 0 0 0 0 0 0 0 0 0 0 0 0 0 
> 1484480888978416:1:rx 0 0 0 0 0 0 0 0 0 0 0 0 0 0 0 0 0 0 0 0 0 0 0 0 0 0 0 0 0 0 0 0 0 0 0 0 0 0 0 0 0 0 0 0 0 0 0 0 0 0 0 0 0 0 0 0 0 0 0 0 0 0 0 0 0 0 0 0 0 0 0 0 0 0 0 0 0 0 0 0 0 0 0 0 0 0 0 0 0 0 0 0 0 0 0 0 0 0 0 0 0 0 0 0 0 0 0 0 0 0 0 0 0 0 0 0 0 0 0 0 0 0 0 0 0 0 0 0 
> 1484480889001622:1:--- Network status ---
> 1484480889001634:1:-- Server IPv6 addresses:
> 1484480889001647:1:-- fd00::212:4b00:0:fe01
> 1484480889001655:1:-- fe80::212:4b00:0:fe01
> 1484480889001667:1:-- Default route:
> 1484480889001676:1:-- None
> 1484480889001687:1:-- Routing entries (0 in total):
> 1484480889001701:1:----------------------
> 1484480896146145:1:rx 2: 60
> 1484480901285753:1:rx 3: 60
> 1484480901376861:1:rx 4: 60
> 1484480906592260:1:rx 5: 60
> 1484480906943879:1:rx 4: 61
> 1484480910715950:1:rx 3: 61
