connecting to /dev/ttyUSB4 (115200) [OK]
> 1484409406425007:5:
> 1484409406425044:5:LINK STATS to 1: 2 2 0
> 1484409406545441:5: 15385 P 0.18 1 2054516 2211396 146 313872 5265738 30756 140498 146 210272 3527886
> 1484409406545554:5:tx 0 0 0 0 0 0 0 0 0 0 0 0 0 0 0 0 0 0 0 0 0 2 0 0 0 0 0 0 0 0 0 0 0 0 0 0 0 0 0 0 0 0 0 0 0 0 0 0 0 0 0 0 0 0 0 0 0 0 0 0 0 0 0 0 0 0 0 0 0 0 0 0 0 0 0 0 0 0 0 0 0 0 0 0 0 0 0 0 0 0 0 0 0 0 0 0 0 0 0 0 0 0 0 0 0 0 0 0 0 0 0 0 0 0 0 0 0 0 0 0 0 0 0 0 0 0 0 0 
> 1484409406554075:5:rx 959 0 0 0 0 0 0 0 0 0 0 0 0 0 0 0 0 0 0 0 0 4 0 0 0 0 0 0 0 0 0 0 0 0 0 17 0 0 0 0 0 0 0 0 0 0 0 0 0 0 0 0 0 0 0 0 0 0 0 0 0 0 0 0 0 0 0 0 0 0 0 0 0 0 0 0 0 0 0 0 0 0 0 0 0 0 0 0 0 0 0 11 0 0 0 0 0 0 0 0 0 0 0 0 0 0 0 0 0 0 0 0 0 0 0 0 0 0 0 0 0 0 0 0 0 0 0 0 
> 1484409410273592:5:tx 5: 1
> 1484409414088355:5:tx 5: 2
> 1484409417930658:5:tx 5: 3
> 1484409422148575:5:tx 5: 4
> 1484409423343275:5:tx 5: 5
> 1484409428986232:5:tx 5: 6
> 1484409432696243:5:tx 5: 7
> 1484409437411700:5:tx 5: 8
> 1484409442515160:5:tx 5: 9
> 1484409443306469:5:tx 5: 10
> 1484409448343215:5:tx 5: 11
> 1484409454339530:5:tx 5: 12
> 1484409457091959:5:tx 5: 13
> 1484409459474365:5:tx 5: 14
> 1484409462815040:5:tx 5: 15
> 1484409466427882:5:
> 1484409466427918:5:LINK STATS to 1: 15 15 0
> 1484409466540870:5: 23065 P 0.18 2 2091954 2356860 3446 526242 8781222 37438 145464 3300 212370 3515484
> 1484409466540942:5:tx 0 0 0 0 0 0 0 0 0 0 0 0 0 0 0 0 0 0 0 0 0 2 0 0 0 0 0 0 0 0 0 0 0 0 0 0 0 0 0 0 0 0 0 0 0 0 0 0 0 0 0 0 0 0 0 0 0 0 0 0 0 0 0 0 0 0 0 0 0 0 0 0 0 0 0 0 0 0 0 0 0 0 0 0 0 0 0 0 0 0 0 15 0 0 0 0 0 0 0 0 0 0 0 0 0 0 0 0 0 0 0 0 0 0 0 0 0 0 0 0 0 0 0 0 0 0 0 0 
> 1484409466550616:5:rx 1564 0 0 0 0 0 0 0 0 0 0 0 0 0 0 0 0 0 0 0 0 4 0 0 0 0 0 0 0 0 0 0 0 0 0 18 0 0 0 0 0 0 0 0 0 0 0 0 0 0 0 0 0 0 0 0 0 0 0 0 0 0 0 0 0 0 0 0 0 0 0 0 0 0 0 0 0 0 0 0 0 0 0 0 0 0 0 0 0 0 0 56 0 0 0 0 0 0 0 0 0 0 0 0 0 0 0 0 0 0 0 0 0 0 0 0 0 0 0 0 0 0 0 0 0 0 0 0 
> 1484409469661249:5:tx 5: 16
> 1484409473871729:5:tx 5: 17
> 1484409477544163:5:tx 5: 18
> 1484409482249389:5:tx 5: 19
> 1484409483894393:5:tx 5: 20
> 1484409488759209:5:tx 5: 21
> 1484409494246087:5:tx 5: 22
> 1484409495013462:5:tx 5: 23
> 1484409499674488:5:tx 5: 24
> 1484409503654120:5:tx 5: 25
> 1484409507636743:5:tx 5: 26
> 1484409513688251:5:tx 5: 27
> 1484409515889303:5:tx 5: 28
> 1484409520017327:5:tx 5: 29
> 1484409526061053:5:tx 5: 30
> 1484409526422716:5:
> 1484409526422756:5:LINK STATS to 1: 16 15 0
> 1484409526535696:5: 30745 P 0.18 3 2127542 2502106 6966 737076 12300320 35588 145246 3520 210834 3519098
> 1484409526535813:5:tx 0 0 0 0 0 0 0 0 0 0 0 0 0 0 0 0 0 0 0 0 0 2 0 0 0 0 0 0 0 0 0 0 0 0 0 0 0 0 0 0 0 0 0 0 0 0 0 0 0 0 0 0 0 0 0 0 0 0 0 0 0 0 0 0 0 0 0 0 0 0 0 0 0 0 0 0 0 0 0 0 0 0 0 0 0 0 0 0 0 0 0 31 0 0 0 0 0 0 0 0 0 0 0 0 0 0 0 0 0 0 0 0 0 0 0 0 0 0 0 0 0 0 0 0 0 0 0 0 
> 1484409526545476:5:rx 2169 0 0 0 0 0 0 0 0 0 0 0 0 0 0 0 0 0 0 0 0 4 0 0 0 0 0 0 0 0 0 0 0 0 0 19 0 0 0 0 0 0 0 0 0 0 0 0 0 0 0 0 0 0 0 0 0 0 0 0 0 0 0 0 0 0 0 0 0 0 0 0 0 0 0 0 0 0 0 0 0 0 0 0 0 0 0 0 0 0 0 100 0 0 0 0 0 0 0 0 0 0 0 0 0 0 0 0 0 0 0 0 0 0 0 0 0 0 0 0 0 0 0 0 0 0 0 0 
> 1484409528621148:5:tx 5: 31
> 1484409534571582:5:tx 5: 32
> 1484409536659303:5:tx 5: 33
> 1484409542252250:5:tx 5: 34
> 1484409545208997:5:tx 5: 35
> 1484409547081439:5:tx 5: 36
> 1484409551793142:5:tx 5: 37
> 1484409557236909:5:tx 5: 38
> 1484409561733450:5:tx 5: 39
> 1484409566275529:5:tx 5: 40
> 1484409566868193:5:tx 5: 41
> 1484409571680586:5:tx 5: 42
> 1484409576491543:5:tx 5: 43
> 1484409582460203:5:tx 5: 44
> 1484409586417677:5:
> 1484409586417716:5:LINK STATS to 1: 14 14 0
> 1484409586490560:5:tx 5: 45
> 1484409586530325:5: 38425 P 0.18 4 2163000 2647296 10046 961630 15805716 35458 145190 3080 224554 3505396
> 1484409586530501:5:tx 0 0 0 0 0 0 0 0 0 0 0 0 0 0 0 0 0 0 0 0 0 2 0 0 0 0 0 0 0 0 0 0 0 0 0 0 0 0 0 0 0 0 0 0 0 0 0 0 0 0 0 0 0 0 0 0 0 0 0 0 0 0 0 0 0 0 0 0 0 0 0 0 0 0 0 0 0 0 0 0 0 0 0 0 0 0 0 0 0 0 0 45 0 0 0 0 0 0 0 0 0 0 0 0 0 0 0 0 0 0 0 0 0 0 0 0 0 0 0 0 0 0 0 0 0 0 0 0 
> 1484409586541121:5:rx 2776 0 0 0 0 0 0 0 0 0 0 0 0 0 0 0 0 0 0 0 0 4 0 0 0 0 0 0 0 0 0 0 0 0 0 20 0 0 0 0 0 0 0 0 0 0 0 0 0 0 0 0 0 0 0 0 0 0 0 0 0 0 0 0 0 0 0 0 0 0 0 0 0 0 0 0 0 0 0 0 0 0 0 0 0 0 0 0 0 0 0 144 0 0 0 0 0 0 0 0 0 0 0 0 0 0 0 0 0 0 0 0 0 0 0 0 0 0 0 0 0 0 0 0 0 0 0 0 
> 1484409588339189:5:tx 5: 46
> 1484409591331097:5:tx 5: 47
> 1484409595377330:5:tx 5: 48
> 1484409601542309:5:tx 5: 49
> 1484409605693605:5:tx 5: 50
> 1484409608944560:5:tx 5: 51
> 1484409613260793:5:tx 5: 52
> 1484409617486629:5:tx 5: 53
> 1484409620310772:5:tx 5: 54
> 1484409625946629:5:tx 5: 55
> 1484409628100857:5:tx 5: 56
> 1484409631720062:5:tx 5: 57
> 1484409638566152:5:tx 5: 58
> 1484409639999462:5:tx 5: 59
> 1484409642609770:5:--- Network status ---
> 1484409642609857:5:-- Server IPv6 addresses:
> 1484409642609913:5:-- fd00::212:4b00:0:fe05
> 1484409642609953:5:-- fe80::212:4b00:0:fe05
> 1484409642610030:5:-- Default route:
> 1484409642610074:5:-- None
> 1484409642610115:5:-- Routing entries (1 in total):
> 1484409642610182:5:-- fd00::212:4b00:0:fe01 via fd00::212:4b00:0:fe01 (lifetime: 0 seconds)
> 1484409642610337:5:----------------------
> 1484409645714050:5:tx 5: 60
> 1484409646412578:5:
> 1484409646412616:5:LINK STATS to 1: 16 16 0
> 1484409646533036:5: 46105 P 0.18 5 2201360 2793024 13566 1187912 19306444 38360 145728 3520 226282 3500728
> 1484409646533248:5:tx 0 0 0 0 0 0 0 0 0 0 0 0 0 0 0 0 0 0 0 0 0 2 0 0 0 0 0 0 0 0 0 0 0 0 0 0 0 0 0 0 0 0 0 0 0 0 0 0 0 0 0 0 0 0 0 0 0 0 0 0 0 0 0 0 0 0 0 0 0 0 0 0 0 0 0 0 0 0 0 0 0 0 0 0 0 0 0 0 0 0 0 61 0 0 0 0 0 0 0 0 0 0 0 0 0 0 0 0 0 0 0 0 0 0 0 0 0 0 0 0 0 0 0 0 0 0 0 0 
> 1484409646563117:5:rx 3378 0 0 0 0 0 0 0 0 0 0 0 0 0 0 0 0 0 0 0 0 4 0 0 0 0 0 0 0 0 0 0 0 0 0 22 0 0 0 0 0 0 0 0 0 0 0 0 0 0 0 0 0 0 0 0 0 0 0 0 0 0 0 0 0 0 0 0 0 0 0 0 0 0 0 0 0 0 0 0 0 0 0 0 0 0 0 0 0 0 0 191 0 0 0 0 0 0 0 0 0 0 0 0 0 0 0 0 0 0 0 0 0 0 0 0 0 0 0 0 0 0 0 0 0 0 0 0 
> 1484409648984159:5:tx 5: 61
> 1484409652783338:5:tx 5: 62
> 1484409657221032:5:tx 5: 63
> 1484409662332118:5:tx 5: 64
> 1484409663910532:5:tx 5: 65
> 1484409669472018:5:tx 5: 66
> 1484409671221493:5:tx 5: 67
> 1484409675433527:5:tx 5: 68
> 1484409679216495:5:tx 5: 69
> 1484409683983139:5:tx 5: 70
> 1484409689372731:5:tx 5: 71
> 1484409691428618:5:tx 5: 72
> 1484409696489093:5:tx 5: 73
> 1484409702148895:5:tx 5: 74
> 1484409703875742:5:tx 5: 75
> 1484409706407518:5:
> 1484409706407551:5:LINK STATS to 1: 16 15 0
> 1484409706527518:5: 53785 P 0.18 6 2238124 2938298 17086 1414150 22809090 36764 145274 3520 226238 3502646
> 1484409706527578:5:tx 0 0 0 0 0 0 0 0 0 0 0 0 0 0 0 0 0 0 0 0 0 2 0 0 0 0 0 0 0 0 0 0 0 0 0 0 0 0 0 0 0 0 0 0 0 0 0 0 0 0 0 0 0 0 0 0 0 0 0 0 0 0 0 0 0 0 0 0 0 0 0 0 0 0 0 0 0 0 0 0 0 0 0 0 0 0 0 0 0 0 0 77 0 0 0 0 0 0 0 0 0 0 0 0 0 0 0 0 0 0 0 0 0 0 0 0 0 0 0 0 0 0 0 0 0 0 0 0 
> 1484409706557539:5:rx 3983 0 0 0 0 0 0 0 0 0 0 0 0 0 0 0 0 0 0 0 0 4 0 0 0 0 0 0 0 0 0 0 0 0 0 23 0 0 0 0 0 0 0 0 0 0 0 0 0 0 0 0 0 0 0 0 0 0 0 0 0 0 0 0 0 0 0 0 0 0 0 0 0 0 0 0 0 0 0 0 0 0 0 0 0 0 0 0 0 0 0 235 0 0 0 0 0 0 0 0 0 0 0 0 0 0 0 0 0 0 0 0 0 0 0 0 0 0 0 0 0 0 0 0 0 0 0 0 
> 1484409709312067:5:tx 5: 76
> 1484409714121756:5:tx 5: 77
> 1484409718461250:5:tx 5: 78
> 1484409720795675:5:tx 5: 79
> 1484409723372710:5:tx 5: 80
> 1484409730179713:5:tx 5: 81
> 1484409730939872:5:tx 5: 82
> 1484409736109639:5:tx 5: 83
> 1484409741283404:5:tx 5: 84
> 1484409744937641:5:tx 5: 85
> 1484409750162553:5:tx 5: 86
> 1484409753938196:5:tx 5: 87
> 1484409758481404:5:tx 5: 88
> 1484409760381043:5:tx 5: 89
> 1484409764732365:5:tx 5: 90
> 1484409766410120:5:
> 1484409766410170:5:LINK STATS to 1: 16 15 0
> 1484409766522423:5: 61465 P 0.18 7 2274366 3083600 20606 1635262 26317250 36242 145302 3520 221112 3508160
> 1484409766522508:5:tx 0 0 0 0 0 0 0 0 0 0 0 0 0 0 0 0 0 0 0 0 0 2 0 0 0 0 0 0 0 0 0 0 0 0 0 0 0 0 0 0 0 0 0 0 0 0 0 0 0 0 0 0 0 0 0 0 0 0 0 0 0 0 0 0 0 0 0 0 0 0 0 0 0 0 0 0 0 0 0 0 0 0 0 0 0 0 0 0 0 0 0 93 0 0 0 0 0 0 0 0 0 0 0 0 0 0 0 0 0 0 0 0 0 0 0 0 0 0 0 0 0 0 0 0 0 0 0 0 
> 1484409766553164:5:rx 4587 0 0 0 0 0 0 0 0 0 0 0 0 0 0 0 0 0 0 0 0 4 0 0 0 0 0 0 0 0 0 0 0 0 0 24 0 0 0 0 0 0 0 0 0 0 0 0 0 0 0 0 0 0 0 0 0 0 0 0 0 0 0 0 0 0 0 0 0 0 0 0 0 0 0 0 0 0 0 0 0 0 0 0 0 0 0 0 0 0 0 280 0 0 0 0 0 0 0 0 0 0 0 0 0 0 0 0 0 0 0 0 0 0 0 0 0 0 0 0 0 0 0 0 0 0 0 0 
> 1484409769514604:5:tx 5: 91
> 1484409773313851:5:tx 5: 92
> 1484409775263184:5:tx 5: 93
> 1484409779576459:5:tx 5: 94
> 1484409785251746:5:tx 5: 95
> 1484409788044070:5:tx 5: 96
> 1484409791486679:5:tx 5: 97
> 1484409795070631:5:tx 5: 98
> 1484409799468816:5:tx 5: 99
> 1484409805923812:5:tx 5: 100
> 1484409808258023:5:tx 5: 101
> 1484409813949094:5:tx 5: 102
> 1484409815714015:5:tx 5: 103
> 1484409818942553:5:tx 5: 104
> 1484409824645221:5:tx 5: 105
> 1484409826405267:5:
> 1484409826405290:5:LINK STATS to 1: 15 15 0
> 1484409826518091:5: 69145 P 0.18 8 2310072 3229000 23906 1858328 29823806 35706 145400 3300 223066 3506556
> 1484409826518326:5:tx 0 0 0 0 0 0 0 0 0 0 0 0 0 0 0 0 0 0 0 0 0 2 0 0 0 0 0 0 0 0 0 0 0 0 0 0 0 0 0 0 0 0 0 0 0 0 0 0 0 0 0 0 0 0 0 0 0 0 0 0 0 0 0 0 0 0 0 0 0 0 0 0 0 0 0 0 0 0 0 0 0 0 0 0 0 0 0 0 0 0 0 108 0 0 0 0 0 0 0 0 0 0 0 0 0 0 0 0 0 0 0 0 0 0 0 0 0 0 0 0 0 0 0 0 0 0 0 0 
> 1484409826548286:5:rx 5192 0 0 0 0 0 0 0 0 0 0 0 0 0 0 0 0 0 0 0 0 4 0 0 0 0 0 0 0 0 0 0 0 0 0 25 0 0 0 0 0 0 0 0 0 0 0 0 0 0 0 0 0 0 0 0 0 0 0 0 0 0 0 0 0 0 0 0 0 0 0 0 0 0 0 0 0 0 0 0 0 0 0 0 0 0 0 0 0 0 0 325 0 0 0 0 0 0 0 0 0 0 0 0 0 0 0 0 0 0 0 0 0 0 0 0 0 0 0 0 0 0 0 0 0 0 0 0 
> 1484409830120628:5:tx 5: 106
> 1484409831741850:5:tx 5: 107
> 1484409837820656:5:tx 5: 108
> 1484409838870025:5:tx 5: 109
> 1484409842830618:5:tx 5: 110
> 1484409846926910:5:tx 5: 111
> 1484409851634937:5:tx 5: 112
> 1484409856679535:5:tx 5: 113
> 1484409858892207:5:tx 5: 114
> 1484409865401720:5:tx 5: 115
> 1484409869028622:5:tx 5: 116
> 1484409873074354:5:tx 5: 117
> 1484409877899781:5:tx 5: 118
> 1484409879243055:5:tx 5: 119
> 1484409882597521:5:--- Network status ---
> 1484409882597580:5:-- Server IPv6 addresses:
> 1484409882597625:5:-- fd00::212:4b00:0:fe05
> 1484409882597651:5:-- fe80::212:4b00:0:fe05
> 1484409882597685:5:-- Default route:
> 1484409882597709:5:-- None
> 1484409882597740:5:-- Routing entries (1 in total):
> 1484409882597787:5:-- fd00::212:4b00:0:fe01 via fd00::212:4b00:0:fe01 (lifetime: 0 seconds)
> 1484409882597904:5:----------------------
> 1484409884350530:5:tx 5: 120
> 1484409886400047:5:
> 1484409886400076:5:LINK STATS to 1: 15 15 0
> 1484409886512835:5: 76825 P 0.18 9 2346928 3374370 27206 2088672 33322032 36856 145370 3300 230344 3498226
> 1484409886512943:5:tx 0 0 0 0 0 0 0 0 0 0 0 0 0 0 0 0 0 0 0 0 0 2 0 0 0 0 0 0 0 0 0 0 0 0 0 0 0 0 0 0 0 0 0 0 0 0 0 0 0 0 0 0 0 0 0 0 0 0 0 0 0 0 0 0 0 0 0 0 0 0 0 0 0 0 0 0 0 0 0 0 0 0 0 0 0 0 0 0 0 0 0 123 0 0 0 0 0 0 0 0 0 0 0 0 0 0 0 0 0 0 0 0 0 0 0 0 0 0 0 0 0 0 0 0 0 0 0 0 
> 1484409886542898:5:rx 5796 0 0 0 0 0 0 0 0 0 0 0 0 0 0 0 0 0 0 0 0 4 0 0 0 0 0 0 0 0 0 0 0 0 0 26 0 0 0 0 0 0 0 0 0 0 0 0 0 0 0 0 0 0 0 0 0 0 0 0 0 0 0 0 0 0 0 0 0 0 0 0 0 0 0 0 0 0 0 0 0 0 0 0 0 0 0 0 0 0 0 371 0 0 0 0 0 0 0 0 0 0 0 0 0 0 0 0 0 0 0 0 0 0 0 0 0 0 0 0 0 0 0 0 0 0 0 0 
> 1484409889183761:5:tx 5: 121
> 1484409892575279:5:tx 5: 122
> 1484409895203362:5:tx 5: 123
> 1484409901270407:5:tx 5: 124
> 1484409906177945:5:tx 5: 125
> 1484409907912854:5:tx 5: 126
> 1484409913736769:5:tx 5: 127
> 1484409916365013:5:tx 5: 128
> 1484409921981415:5:tx 5: 129
> 1484409926403243:5:tx 5: 130
> 1484409928631912:5:tx 5: 131
> 1484409934322909:5:tx 5: 132
> 1484409937851538:5:tx 5: 133
> 1484409939390887:5:tx 5: 134
> 1484409942700527:5:tx 5: 135
> 1484409946395122:5:
> 1484409946395158:5:LINK STATS to 1: 15 15 0
> 1484409946508461:5: 84505 P 0.18 10 2384168 3520028 30506 2305606 36833540 37240 145658 3300 216934 3511508
> 1484409946508586:5:tx 0 0 0 0 0 0 0 0 0 0 0 0 0 0 0 0 0 0 0 0 0 2 0 0 0 0 0 0 0 0 0 0 0 0 0 0 0 0 0 0 0 0 0 0 0 0 0 0 0 0 0 0 0 0 0 0 0 0 0 0 0 0 0 0 0 0 0 0 0 0 0 0 0 0 0 0 0 0 0 0 0 0 0 0 0 0 0 0 0 0 0 138 0 0 0 0 0 0 0 0 0 0 0 0 0 0 0 0 0 0 0 0 0 0 0 0 0 0 0 0 0 0 0 0 0 0 0 0 
> 1484409946537598:5:rx 6400 0 0 0 0 0 0 0 0 0 0 0 0 0 0 0 0 0 0 0 0 4 0 0 0 0 0 0 0 0 0 0 0 0 0 27 0 0 0 0 0 0 0 0 0 0 0 0 0 0 0 0 0 0 0 0 0 0 0 0 0 0 0 0 0 0 0 0 0 0 0 0 0 0 0 0 0 0 0 0 0 0 0 0 0 0 0 0 0 0 0 417 0 0 0 0 0 0 0 0 0 0 0 0 0 0 0 0 0 0 0 0 0 0 0 0 0 0 0 0 0 0 0 0 0 0 0 0 
> 1484409947329772:5:tx 5: 136
> 1484409950733747:5:tx 5: 137
> 1484409955844573:5:tx 5: 138
> 1484409960340821:5:tx 5: 139
> 1484409966294560:5:tx 5: 140
> 1484409969407937:5:tx 5: 141
> 1484409972944881:5:tx 5: 142
> 1484409976696623:5:tx 5: 143
> 1484409979348461:5:tx 5: 144
> 1484409983460812:5:tx 5: 145
> 1484409988618892:5:tx 5: 146
> 1484409991517489:5:tx 5: 147
