connecting to /dev/ttyUSB3 (115200) [OK]
> 1484409399030331:4:
> 1484409399030382:4:LINK STATS to 1: 1 1 0
> 1484409399150525:4: 15385 P 0.18 1 1215994 1397872 72 369970 6013626 30392 139944 72 216796 3522120
> 1484409399150749:4:tx 0 0 0 0 0 0 0 0 0 0 0 0 0 0 0 0 0 0 0 0 0 1 0 0 0 0 0 0 0 0 0 0 0 0 0 0 0 0 0 0 0 0 0 0 0 0 0 0 0 0 0 0 0 0 0 0 0 0 0 0 0 0 0 0 0 0 0 0 0 0 0 0 0 0 0 0 0 0 0 0 0 0 0 0 0 0 0 0 0 0 0 0 0 0 0 0 0 0 0 0 0 0 0 0 0 0 0 0 0 0 0 0 0 0 0 0 0 0 0 0 0 0 0 0 0 0 0 0 
> 1484409399167312:4:rx 1105 0 0 0 0 0 0 0 0 0 0 0 0 0 0 0 0 0 0 0 0 3 0 0 0 0 0 0 0 0 0 0 0 0 0 23 0 0 0 0 0 0 0 0 0 0 0 0 0 0 0 0 0 0 0 0 0 0 0 0 0 0 0 0 0 0 0 0 0 0 0 0 0 0 0 0 0 0 0 0 0 0 0 0 0 0 0 0 0 0 0 4 0 0 0 0 0 0 0 0 0 0 0 0 0 0 0 0 0 0 0 0 0 0 0 0 0 0 0 0 0 0 0 0 0 0 0 0 
> 1484409402737815:4:tx 4: 1
> 1484409406348842:4:tx 4: 2
> 1484409408084208:4:tx 4: 3
> 1484409413915949:4:tx 4: 4
> 1484409417174613:4:tx 4: 5
> 1484409421271358:4:tx 4: 6
> 1484409427097917:4:tx 4: 7
> 1484409428787454:4:tx 4: 8
> 1484409433432556:4:tx 4: 9
> 1484409435430376:4:tx 4: 10
> 1484409440678616:4:tx 4: 11
> 1484409444011217:4:tx 4: 12
> 1484409448530928:4:tx 4: 13
> 1484409451793736:4:tx 4: 14
> 1484409457041871:4:tx 4: 15
> 1484409459025304:4:
> 1484409459025334:4:LINK STATS to 1: 16 16 0
> 1484409459145929:4: 23065 P 0.18 2 1252708 1543176 3444 584580 9527816 36714 145304 3372 214610 3514190
> 1484409459146024:4:tx 0 0 0 0 0 0 0 0 0 0 0 0 0 0 0 0 0 0 0 0 0 2 0 0 0 0 0 0 0 0 0 0 0 0 0 0 0 0 0 0 0 0 0 0 0 0 0 0 0 0 0 0 0 0 0 0 0 0 0 0 0 0 0 0 0 0 0 0 0 0 0 0 0 0 0 0 0 0 0 0 0 0 0 0 0 0 0 0 0 0 0 15 0 0 0 0 0 0 0 0 0 0 0 0 0 0 0 0 0 0 0 0 0 0 0 0 0 0 0 0 0 0 0 0 0 0 0 0 
> 1484409459162203:4:rx 1709 0 0 0 0 0 0 0 0 0 0 0 0 0 0 0 0 0 0 0 0 4 0 0 0 0 0 0 0 0 0 0 0 0 0 24 0 0 0 0 0 0 0 0 0 0 0 0 0 0 0 0 0 0 0 0 0 0 0 0 0 0 0 0 0 0 0 0 0 0 0 0 0 0 0 0 0 0 0 0 0 0 0 0 0 0 0 0 0 0 0 48 0 0 0 0 0 0 0 0 0 0 0 0 0 0 0 0 0 0 0 0 0 0 0 0 0 0 0 0 0 0 0 0 0 0 0 0 
> 1484409460292711:4:tx 4: 16
> 1484409463908205:4:tx 4: 17
> 1484409470765919:4:tx 4: 18
> 1484409472003378:4:tx 4: 19
> 1484409475305303:4:tx 4: 20
> 1484409483009262:4:tx 4: 21
> 1484409486753605:4:tx 4: 22
> 1484409489142832:4:tx 4: 23
> 1484409494930080:4:tx 4: 24
> 1484409497445932:4:tx 4: 25
> 1484409502067578:4:tx 4: 26
> 1484409504899521:4:tx 4: 27
> 1484409507503753:4:tx 4: 28
> 1484409511780678:4:tx 4: 29
> 1484409515552744:4:tx 4: 30
> 1484409519028007:4:
> 1484409519028047:4:LINK STATS to 1: 15 15 0
> 1484409519140809:4: 30745 P 0.18 3 1289272 1688782 6744 797214 13043778 36564 145606 3300 212634 3515962
> 1484409519140945:4:tx 0 0 0 0 0 0 0 0 0 0 0 0 0 0 0 0 0 0 0 0 0 2 0 0 0 0 0 0 0 0 0 0 0 0 0 0 0 0 0 0 0 0 0 0 0 0 0 0 0 0 0 0 0 0 0 0 0 0 0 0 0 0 0 0 0 0 0 0 0 0 0 0 0 0 0 0 0 0 0 0 0 0 0 0 0 0 0 0 0 0 0 30 0 0 0 0 0 0 0 0 0 0 0 0 0 0 0 0 0 0 0 0 0 0 0 0 0 0 0 0 0 0 0 0 0 0 0 0 
> 1484409519157146:4:rx 2313 0 0 0 0 0 0 0 0 0 0 0 0 0 0 0 0 0 0 0 0 4 0 0 0 0 0 0 0 0 0 0 0 0 0 25 0 0 0 0 0 0 0 0 0 0 0 0 0 0 0 0 0 0 0 0 0 0 0 0 0 0 0 0 0 0 0 0 0 0 0 0 0 0 0 0 0 0 0 0 0 0 0 0 0 0 0 0 0 0 0 94 0 0 0 0 0 0 0 0 0 0 0 0 0 0 0 0 0 0 0 0 0 0 0 0 0 0 0 0 0 0 0 0 0 0 0 0 
> 1484409521212295:4:tx 4: 31
> 1484409523302534:4:tx 4: 32
> 1484409531031233:4:tx 4: 33
> 1484409531908280:4:tx 4: 34
> 1484409539138611:4:tx 4: 35
> 1484409541884016:4:tx 4: 36
> 1484409546944337:4:tx 4: 37
> 1484409549603731:4:tx 4: 38
> 1484409552137473:4:tx 4: 39
> 1484409557386147:4:tx 4: 40
> 1484409561604292:4:tx 4: 41
> 1484409564616302:4:tx 4: 42
> 1484409567342115:4:tx 4: 43
> 1484409574697478:4:tx 4: 44
> 1484409576981028:4:tx 4: 45
> 1484409579023280:4:
> 1484409579023315:4:LINK STATS to 1: 15 15 0
> 1484409579135182:4: 38425 P 0.18 4 1325102 1834360 10044 1022146 16548236 35830 145578 3300 224932 3504458
> 1484409579135296:4:tx 0 0 0 0 0 0 0 0 0 0 0 0 0 0 0 0 0 0 0 0 0 2 0 0 0 0 0 0 0 0 0 0 0 0 0 0 0 0 0 0 0 0 0 0 0 0 0 0 0 0 0 0 0 0 0 0 0 0 0 0 0 0 0 0 0 0 0 0 0 0 0 0 0 0 0 0 0 0 0 0 0 0 0 0 0 0 0 0 0 0 0 45 0 0 0 0 0 0 0 0 0 0 0 0 0 0 0 0 0 0 0 0 0 0 0 0 0 0 0 0 0 0 0 0 0 0 0 0 
> 1484409579151955:4:rx 2917 0 0 0 0 0 0 0 0 0 0 0 0 0 0 0 0 0 0 0 0 4 0 0 0 0 0 0 0 0 0 0 0 0 0 26 0 0 0 0 0 0 0 0 0 0 0 0 0 0 0 0 0 0 0 0 0 0 0 0 0 0 0 0 0 0 0 0 0 0 0 0 0 0 0 0 0 0 0 0 0 0 0 0 0 0 0 0 0 0 0 140 0 0 0 0 0 0 0 0 0 0 0 0 0 0 0 0 0 0 0 0 0 0 0 0 0 0 0 0 0 0 0 0 0 0 0 0 
> 1484409579628651:4:tx 4: 46
> 1484409584344060:4:tx 4: 47
> 1484409589960716:4:tx 4: 48
> 1484409593403336:4:tx 4: 49
> 1484409595807998:4:tx 4: 50
> 1484409602885578:4:tx 4: 51
> 1484409607029302:4:tx 4: 52
> 1484409608854675:4:tx 4: 53
> 1484409613147167:4:tx 4: 54
> 1484409618343095:4:tx 4: 55
> 1484409623087263:4:tx 4: 56
> 1484409624462339:4:tx 4: 57
> 1484409629409013:4:tx 4: 58
> 1484409634888238:4:tx 4: 59
> 1484409635185324:4:--- Network status ---
> 1484409635185380:4:-- Server IPv6 addresses:
> 1484409635205713:4:-- fd00::212:4b00:0:fe04
> 1484409635205771:4:-- fe80::212:4b00:0:fe04
> 1484409635205828:4:-- Default route:
> 1484409635205846:4:-- None
> 1484409635205855:4:-- Routing entries (1 in total):
> 1484409635205889:4:-- fd00::212:4b00:0:fe01 via fd00::212:4b00:0:fe01 (lifetime: 0 seconds)
> 1484409635206091:4:----------------------
> 1484409637355593:4:tx 4: 60
> 1484409639017971:4:
> 1484409639018009:4:LINK STATS to 1: 15 15 0
> 1484409639129922:4: 46105 P 0.18 5 1361878 1979876 13344 1242324 20056560 36776 145516 3300 220178 3508324
> 1484409639130092:4:tx 0 0 0 0 0 0 0 0 0 0 0 0 0 0 0 0 0 0 0 0 0 2 0 0 0 0 0 0 0 0 0 0 0 0 0 0 0 0 0 0 0 0 0 0 0 0 0 0 0 0 0 0 0 0 0 0 0 0 0 0 0 0 0 0 0 0 0 0 0 0 0 0 0 0 0 0 0 0 0 0 0 0 0 0 0 0 0 0 0 0 0 60 0 0 0 0 0 0 0 0 0 0 0 0 0 0 0 0 0 0 0 0 0 0 0 0 0 0 0 0 0 0 0 0 0 0 0 0 
> 1484409639146907:4:rx 3522 0 0 0 0 0 0 0 0 0 0 0 0 0 0 0 0 0 0 0 0 4 0 0 0 0 0 0 0 0 0 0 0 0 0 27 0 0 0 0 0 0 0 0 0 0 0 0 0 0 0 0 0 0 0 0 0 0 0 0 0 0 0 0 0 0 0 0 0 0 0 0 0 0 0 0 0 0 0 0 0 0 0 0 0 0 0 0 0 0 0 185 0 0 0 0 0 0 0 0 0 0 0 0 0 0 0 0 0 0 0 0 0 0 0 0 0 0 0 0 0 0 0 0 0 0 0 0 
> 1484409640826176:4:tx 4: 61
> 1484409644106747:4:tx 4: 62
> 1484409648244170:4:tx 4: 63
> 1484409652783338:4:tx 4: 64
> 1484409656801841:4:tx 4: 65
> 1484409660350150:4:tx 4: 66
> 1484409666056999:4:tx 4: 67
> 1484409670110419:4:tx 4: 68
> 1484409672550677:4:tx 4: 69
> 1484409677023460:4:tx 4: 70
> 1484409682565554:4:tx 4: 71
> 1484409686638548:4:tx 4: 72
> 1484409687989785:4:tx 4: 73
> 1484409693312736:4:tx 4: 74
> 1484409697005939:4:tx 4: 75
> 1484409699013022:4:
> 1484409699013076:4:LINK STATS to 1: 15 15 0
> 1484409699125597:4: 53785 P 0.18 6 1397856 2125378 16644 1470504 23557718 35978 145502 3300 228180 3501158
> 1484409699125838:4:tx 0 0 0 0 0 0 0 0 0 0 0 0 0 0 0 0 0 0 0 0 0 2 0 0 0 0 0 0 0 0 0 0 0 0 0 0 0 0 0 0 0 0 0 0 0 0 0 0 0 0 0 0 0 0 0 0 0 0 0 0 0 0 0 0 0 0 0 0 0 0 0 0 0 0 0 0 0 0 0 0 0 0 0 0 0 0 0 0 0 0 0 75 0 0 0 0 0 0 0 0 0 0 0 0 0 0 0 0 0 0 0 0 0 0 0 0 0 0 0 0 0 0 0 0 0 0 0 0 
> 1484409699141968:4:rx 4126 0 0 0 0 0 0 0 0 0 0 0 0 0 0 0 0 0 0 0 0 4 0 0 0 0 0 0 0 0 0 0 0 0 0 29 0 0 0 0 0 0 0 0 0 0 0 0 0 0 0 0 0 0 0 0 0 0 0 0 0 0 0 0 0 0 0 0 0 0 0 0 0 0 0 0 0 0 0 0 0 0 0 0 0 0 0 0 0 0 0 230 0 0 0 0 0 0 0 0 0 0 0 0 0 0 0 0 0 0 0 0 0 0 0 0 0 0 0 0 0 0 0 0 0 0 0 0 
> 1484409702916072:4:tx 4: 76
> 1484409706429405:4:tx 4: 77
> 1484409708313469:4:tx 4: 78
> 1484409711313368:4:tx 4: 79
> 1484409718837144:4:tx 4: 80
> 1484409720435257:4:tx 4: 81
> 1484409726517825:4:tx 4: 82
> 1484409729549178:4:tx 4: 83
> 1484409733634429:4:tx 4: 84
> 1484409737229714:4:tx 4: 85
> 1484409741130681:4:tx 4: 86
> 1484409743774409:4:tx 4: 87
> 1484409747542363:4:tx 4: 88
> 1484409754599859:4:tx 4: 89
> 1484409756886283:4:tx 4: 90
> 1484409759007804:4:
> 1484409759007818:4:LINK STATS to 1: 15 15 0
> 1484409759128316:4: 61465 P 0.18 7 1434918 2271024 19944 1674924 27081812 37062 145646 3300 204420 3524094
> 1484409759128368:4:tx 0 0 0 0 0 0 0 0 0 0 0 0 0 0 0 0 0 0 0 0 0 2 0 0 0 0 0 0 0 0 0 0 0 0 0 0 0 0 0 0 0 0 0 0 0 0 0 0 0 0 0 0 0 0 0 0 0 0 0 0 0 0 0 0 0 0 0 0 0 0 0 0 0 0 0 0 0 0 0 0 0 0 0 0 0 0 0 0 0 0 0 90 0 0 0 0 0 0 0 0 0 0 0 0 0 0 0 0 0 0 0 0 0 0 0 0 0 0 0 0 0 0 0 0 0 0 0 0 
> 1484409759138313:4:rx 4729 0 0 0 0 0 0 0 0 0 0 0 0 0 0 0 0 0 0 0 0 4 0 0 0 0 0 0 0 0 0 0 0 0 0 30 0 0 0 0 0 0 0 0 0 0 0 0 0 0 0 0 0 0 0 0 0 0 0 0 0 0 0 0 0 0 0 0 0 0 0 0 0 0 0 0 0 0 0 0 0 0 0 0 0 0 0 0 0 0 0 277 0 0 0 0 0 0 0 0 0 0 0 0 0 0 0 0 0 0 0 0 0 0 0 0 0 0 0 0 0 0 0 0 0 0 0 0 
> 1484409762601546:4:tx 4: 91
> 1484409766416431:4:tx 4: 92
> 1484409770110220:4:tx 4: 93
> 1484409773180596:4:tx 4: 94
> 1484409776490000:4:tx 4: 95
> 1484409781715173:4:tx 4: 96
> 1484409786073135:4:tx 4: 97
> 1484409788701974:4:tx 4: 98
> 1484409792704963:4:tx 4: 99
> 1484409796359149:4:tx 4: 100
> 1484409802246021:4:tx 4: 101
> 1484409806096091:4:tx 4: 102
> 1484409810369149:4:tx 4: 103
> 1484409811630402:4:tx 4: 104
> 1484409816299088:4:tx 4: 105
> 1484409819002702:4:
> 1484409819002716:4:LINK STATS to 1: 15 15 0
> 1484409819123012:4: 69145 P 0.18 8 1471596 2416666 23244 1895316 30589836 36678 145642 3300 220392 3508024
> 1484409819123081:4:tx 0 0 0 0 0 0 0 0 0 0 0 0 0 0 0 0 0 0 0 0 0 2 0 0 0 0 0 0 0 0 0 0 0 0 0 0 0 0 0 0 0 0 0 0 0 0 0 0 0 0 0 0 0 0 0 0 0 0 0 0 0 0 0 0 0 0 0 0 0 0 0 0 0 0 0 0 0 0 0 0 0 0 0 0 0 0 0 0 0 0 0 105 0 0 0 0 0 0 0 0 0 0 0 0 0 0 0 0 0 0 0 0 0 0 0 0 0 0 0 0 0 0 0 0 0 0 0 0 
> 1484409819133283:4:rx 5332 0 0 0 0 0 0 0 0 0 0 0 0 0 0 0 0 0 0 0 0 4 0 0 0 0 0 0 0 0 0 0 0 0 0 31 0 0 0 0 0 0 0 0 0 0 0 0 0 0 0 0 0 0 0 0 0 0 0 0 0 0 0 0 0 0 0 0 0 0 0 0 0 0 0 0 0 0 0 0 0 0 0 0 0 0 0 0 0 0 0 324 0 0 0 0 0 0 0 0 0 0 0 0 0 0 0 0 0 0 0 0 0 0 0 0 0 0 0 0 0 0 0 0 0 0 0 0 
> 1484409821507896:4:tx 4: 106
> 1484409823907700:4:tx 4: 107
> 1484409828788926:4:tx 4: 108
> 1484409833993935:4:tx 4: 109
> 1484409835987516:4:tx 4: 110
> 1484409841670763:4:tx 4: 111
> 1484409844338167:4:tx 4: 112
> 1484409850604676:4:tx 4: 113
> 1484409854051323:4:tx 4: 114
> 1484409855837252:4:tx 4: 115
> 1484409861946998:4:tx 4: 116
> 1484409863968238:4:tx 4: 117
> 1484409869333875:4:tx 4: 118
> 1484409874973819:4:tx 4: 119
> 1484409875190102:4:--- Network status ---
> 1484409875190161:4:-- Server IPv6 addresses:
> 1484409875190211:4:-- fd00::212:4b00:0:fe04
> 1484409875190237:4:-- fe80::212:4b00:0:fe04
> 1484409875190344:4:-- Default route:
> 1484409875190372:4:-- None
> 1484409875190397:4:-- Routing entries (1 in total):
> 1484409875190490:4:-- fd00::212:4b00:0:fe01 via fd00::212:4b00:0:fe01 (lifetime: 0 seconds)
> 1484409875190657:4:----------------------
> 1484409878659621:4:tx 4: 120
> 1484409878997934:4:
> 1484409878997979:4:LINK STATS to 1: 15 15 0
> 1484409879118017:4: 76825 P 0.18 9 1509986 2562186 26544 2101544 34110510 38390 145520 3300 206228 3520674
> 1484409879118231:4:tx 0 0 0 0 0 0 0 0 0 0 0 0 0 0 0 0 0 0 0 0 0 2 0 0 0 0 0 0 0 0 0 0 0 0 0 0 0 0 0 0 0 0 0 0 0 0 0 0 0 0 0 0 0 0 0 0 0 0 0 0 0 0 0 0 0 0 0 0 0 0 0 0 0 0 0 0 0 0 0 0 0 0 0 0 0 0 0 0 0 0 0 120 0 0 0 0 0 0 0 0 0 0 0 0 0 0 0 0 0 0 0 0 0 0 0 0 0 0 0 0 0 0 0 0 0 0 0 0 
> 1484409879128442:4:rx 5937 0 0 0 0 0 0 0 0 0 0 0 0 0 0 0 0 0 0 0 0 4 0 0 0 0 0 0 0 0 0 0 0 0 0 32 0 0 0 0 0 0 0 0 0 0 0 0 0 0 0 0 0 0 0 0 0 0 0 0 0 0 0 0 0 0 0 0 0 0 0 0 0 0 0 0 0 0 0 0 0 0 0 0 0 0 0 0 0 0 0 369 0 0 0 0 0 0 0 0 0 0 0 0 0 0 0 0 0 0 0 0 0 0 0 0 0 0 0 0 0 0 0 0 0 0 0 0 
> 1484409881420788:4:tx 4: 121
> 1484409885016373:4:tx 4: 122
> 1484409888771056:4:tx 4: 123
> 1484409892464222:4:tx 4: 124
> 1484409898049557:4:tx 4: 125
> 1484409900134324:4:tx 4: 126
> 1484409905226047:4:tx 4: 127
> 1484409909835902:4:tx 4: 128
> 1484409914481099:4:tx 4: 129
> 1484409916027855:4:tx 4: 130
> 1484409922333902:4:tx 4: 131
> 1484409924989370:4:tx 4: 132
> 1484409927656599:4:tx 4: 133
> 1484409933864640:4:tx 4: 134
> 1484409938443061:4:tx 4: 135
> 1484409939000547:4:
> 1484409939000591:4:LINK STATS to 1: 15 15 0
> 1484409939113533:4: 84505 P 0.18 10 1546390 2707578 29844 2325934 37615144 36404 145392 3300 224390 3504634
> 1484409939113772:4:tx 0 0 0 0 0 0 0 0 0 0 0 0 0 0 0 0 0 0 0 0 0 2 0 0 0 0 0 0 0 0 0 0 0 0 0 0 0 0 0 0 0 0 0 0 0 0 0 0 0 0 0 0 0 0 0 0 0 0 0 0 0 0 0 0 0 0 0 0 0 0 0 0 0 0 0 0 0 0 0 0 0 0 0 0 0 0 0 0 0 0 0 135 0 0 0 0 0 0 0 0 0 0 0 0 0 0 0 0 0 0 0 0 0 0 0 0 0 0 0 0 0 0 0 0 0 0 0 0 
> 1484409939123157:4:rx 6542 0 0 0 0 0 0 0 0 0 0 0 0 0 0 0 0 0 0 0 0 4 0 0 0 0 0 0 0 0 0 0 0 0 0 33 0 0 0 0 0 0 0 0 0 0 0 0 0 0 0 0 0 0 0 0 0 0 0 0 0 0 0 0 0 0 0 0 0 0 0 0 0 0 0 0 0 0 0 0 0 0 0 0 0 0 0 0 0 0 0 414 0 0 0 0 0 0 0 0 0 0 0 0 0 0 0 0 0 0 0 0 0 0 0 0 0 0 0 0 0 0 0 0 0 0 0 0 
> 1484409942994086:4:tx 4: 136
> 1484409944975754:4:tx 4: 137
> 1484409948344339:4:tx 4: 138
> 1484409953690411:4:tx 4: 139
> 1484409955335539:4:tx 4: 140
> 1484409962181871:4:tx 4: 141
> 1484409965070834:4:tx 4: 142
> 1484409969094768:4:tx 4: 143
> 1484409973718777:4:tx 4: 144
> 1484409978111065:4:tx 4: 145
> 1484409982403330:4:tx 4: 146
> 1484409985810814:4:tx 4: 147
> 1484409987455706:4:tx 4: 148
