connecting to /dev/ttyUSB2 (115200) [OK]
> 1484409401206335:3:tx 3: 3
> 1484409405283905:3:tx 3: 4
> 1484409408346585:3:tx 3: 5
> 1484409412835019:3:tx 3: 6
> 1484409415776365:3:tx 3: 7
> 1484409419371603:3:tx 3: 8
> 1484409425250773:3:tx 3: 9
> 1484409427001716:3:tx 3: 10
> 1484409432825635:3:tx 3: 11
> 1484409435191439:3:tx 3: 12
> 1484409441164009:3:tx 3: 13
> 1484409442252913:3:tx 3: 14
> 1484409448515285:3:tx 3: 15
> 1484409449574428:3:
> 1484409449574446:3:LINK STATS to 1: 16 15 0
> 1484409449687033:3: 23065 P 0.18 2 114430 437844 3592 609346 10595296 35976 144346 3520 212628 3517874
> 1484409449687109:3:tx 0 0 0 0 0 0 0 0 0 0 0 0 0 0 0 0 0 0 0 0 0 1 0 0 0 0 0 0 0 0 0 0 0 0 0 0 0 0 0 0 0 0 0 0 0 0 0 0 0 0 0 0 0 0 0 0 0 0 0 0 0 0 0 0 0 0 0 0 0 0 0 0 0 0 0 0 0 0 0 0 0 0 0 0 0 0 0 0 0 0 0 16 0 0 0 0 0 0 0 0 0 0 0 0 0 0 0 0 0 0 0 0 0 0 0 0 0 0 0 0 0 0 0 0 0 0 0 0 
> 1484409449703508:3:rx 1896 0 0 0 0 0 0 0 0 0 0 0 0 0 0 0 0 0 0 0 0 5 0 0 0 0 0 0 0 0 0 0 0 0 0 40 0 0 0 0 0 0 0 0 0 0 0 0 0 0 0 0 0 0 0 0 0 0 0 0 0 0 0 0 0 0 0 0 0 0 0 0 0 0 0 0 0 0 0 0 0 0 0 0 0 0 0 0 0 0 0 38 0 0 0 0 0 0 0 0 0 0 0 0 0 0 0 0 0 0 0 0 0 0 0 0 0 0 0 0 0 0 0 0 0 0 0 0 
> 1484409451112216:3:tx 3: 16
> 1484409455307112:3:tx 3: 17
> 1484409460073256:3:tx 3: 18
> 1484409462873729:3:tx 3: 19
> 1484409469195353:3:tx 3: 20
> 1484409471231759:3:tx 3: 21
> 1484409476817027:3:tx 3: 22
> 1484409478752017:3:tx 3: 23
> 1484409482699802:3:tx 3: 24
> 1484409489726446:3:tx 3: 25
> 1484409493090773:3:tx 3: 26
> 1484409494664868:3:tx 3: 27
> 1484409500355996:3:tx 3: 28
> 1484409502353474:3:tx 3: 29
> 1484409507824970:3:tx 3: 30
> 1484409509569514:3:
> 1484409509569552:3:LINK STATS to 1: 16 15 0
> 1484409509689803:3: 30745 P 0.18 3 151138 583230 7112 833008 14100882 36708 145386 3520 223662 3505586
> 1484409509689938:3:tx 0 0 0 0 0 0 0 0 0 0 0 0 0 0 0 0 0 0 0 0 0 1 0 0 0 0 0 0 0 0 0 0 0 0 0 0 0 0 0 0 0 0 0 0 0 0 0 0 0 0 0 0 0 0 0 0 0 0 0 0 0 0 0 0 0 0 0 0 0 0 0 0 0 0 0 0 0 0 0 0 0 0 0 0 0 0 0 0 0 0 0 32 0 0 0 0 0 0 0 0 0 0 0 0 0 0 0 0 0 0 0 0 0 0 0 0 0 0 0 0 0 0 0 0 0 0 0 0 
> 1484409509698474:3:rx 2500 0 0 0 0 0 0 0 0 0 0 0 0 0 0 0 0 0 0 0 0 5 0 0 0 0 0 0 0 0 0 0 0 0 0 41 0 0 0 0 0 0 0 0 0 0 0 0 0 0 0 0 0 0 0 0 0 0 0 0 0 0 0 0 0 0 0 0 0 0 0 0 0 0 0 0 0 0 0 0 0 0 0 0 0 0 0 0 0 0 0 83 0 0 0 0 0 0 0 0 0 0 0 0 0 0 0 0 0 0 0 0 0 0 0 0 0 0 0 0 0 0 0 0 0 0 0 0 
> 1484409509896879:3:tx 3: 31
> 1484409516112519:3:tx 3: 32
> 1484409519829444:3:tx 3: 33
> 1484409522735837:3:tx 3: 34
> 1484409525904260:3:tx 3: 35
> 1484409531164182:3:tx 3: 36
> 1484409537724480:3:tx 3: 37
> 1484409540720875:3:tx 3: 38
> 1484409542463603:3:tx 3: 39
> 1484409549646687:3:tx 3: 40
> 1484409552306060:3:tx 3: 41
> 1484409556215078:3:tx 3: 42
> 1484409561185144:3:tx 3: 43
> 1484409564804360:3:tx 3: 44
> 1484409565982895:3:tx 3: 45
> 1484409569564389:3:
> 1484409569564431:3:LINK STATS to 1: 17 15 0
> 1484409569684427:3: 38425 P 0.18 4 187072 728484 10852 1061884 17601822 35934 145254 3740 228876 3500940
> 1484409569684610:3:tx 0 0 0 0 0 0 0 0 0 0 0 0 0 0 0 0 0 0 0 0 0 1 0 0 0 0 0 0 0 0 0 0 0 0 0 0 0 0 0 0 0 0 0 0 0 0 0 0 0 0 0 0 0 0 0 0 0 0 0 0 0 0 0 0 0 0 0 0 0 0 0 0 0 0 0 0 0 0 0 0 0 0 0 0 0 0 0 0 0 0 0 49 0 0 0 0 0 0 0 0 0 0 0 0 0 0 0 0 0 0 0 0 0 0 0 0 0 0 0 0 0 0 0 0 0 0 0 0 
> 1484409569693528:3:rx 3105 0 0 0 0 0 0 0 0 0 0 0 0 0 0 0 0 0 0 0 0 5 0 0 0 0 0 0 0 0 0 0 0 0 0 42 0 0 0 0 0 0 0 0 0 0 0 0 0 0 0 0 0 0 0 0 0 0 0 0 0 0 0 0 0 0 0 0 0 0 0 0 0 0 0 0 0 0 0 0 0 0 0 0 0 0 0 0 0 0 0 126 0 0 0 0 0 0 0 0 0 0 0 0 0 0 0 0 0 0 0 0 0 0 0 0 0 0 0 0 0 0 0 0 0 0 0 0 
> 1484409571740686:3:tx 3: 46
> 1484409574826642:3:tx 3: 47
> 1484409577901089:3:tx 3: 48
> 1484409583024329:3:tx 3: 49
> 1484409588006369:3:tx 3: 50
> 1484409591182577:3:tx 3: 51
> 1484409595882560:3:tx 3: 52
> 1484409599560319:3:tx 3: 53
> 1484409605071023:3:tx 3: 54
> 1484409608314129:3:tx 3: 55
> 1484409611615740:3:tx 3: 56
> 1484409614455182:3:tx 3: 57
> 1484409618027149:3:tx 3: 58
> 1484409624842076:3:tx 3: 59
> 1484409625726770:3:--- Network status ---
> 1484409625726827:3:-- Server IPv6 addresses:
> 1484409625747192:3:-- fd00::212:4b00:0:fe03
> 1484409625747253:3:-- fe80::212:4b00:0:fe03
> 1484409625747301:3:-- Default route:
> 1484409625747322:3:-- None
> 1484409625747331:3:-- Routing entries (1 in total):
> 1484409625747376:3:-- fd00::212:4b00:0:fe01 via fd00::212:4b00:0:fe01 (lifetime: 0 seconds)
> 1484409625747498:3:----------------------
> 1484409628688307:3:tx 3: 60
> 1484409629567046:3:
> 1484409629567073:3:LINK STATS to 1: 16 15 0
> 1484409629680080:3: 46105 P 0.18 5 227884 873850 14372 1279300 21109066 40812 145366 3520 217416 3507244
> 1484409629680244:3:tx 0 0 0 0 0 0 0 0 0 0 0 0 0 0 0 0 0 0 0 0 0 1 0 0 0 0 0 0 0 0 0 0 0 0 0 0 0 0 0 0 0 0 0 0 0 0 0 0 0 0 0 0 0 0 0 0 0 0 0 0 0 0 0 0 0 0 0 0 0 0 0 0 0 0 0 0 0 0 0 0 0 0 0 0 0 0 0 0 0 0 0 65 0 0 0 0 0 0 0 0 0 0 0 0 0 0 0 0 0 0 0 0 0 0 0 0 0 0 0 0 0 0 0 0 0 0 0 0 
> 1484409629689861:3:rx 3709 0 0 0 0 0 0 0 0 0 0 0 0 0 0 0 0 0 0 0 0 5 0 0 0 0 0 0 0 0 0 0 0 0 0 43 0 0 0 0 0 0 0 0 0 0 0 0 0 0 0 0 0 0 0 0 0 0 0 0 0 0 0 0 0 0 0 0 0 0 0 0 0 0 0 0 0 0 0 0 0 0 0 0 0 0 0 0 0 0 0 171 0 0 0 0 0 0 0 0 0 0 0 0 0 0 0 0 0 0 0 0 0 0 0 0 0 0 0 0 0 0 0 0 0 0 0 0 
> 1484409632695081:3:tx 3: 61
> 1484409635209367:3:tx 3: 62
> 1484409641425088:3:tx 3: 63
> 1484409642612003:3:tx 3: 64
> 1484409646845575:3:tx 3: 65
> 1484409652947897:3:tx 3: 66
> 1484409655658061:3:tx 3: 67
> 1484409661603753:3:tx 3: 68
> 1484409665630028:3:tx 3: 69
> 1484409669636567:3:tx 3: 70
> 1484409673232030:3:tx 3: 71
> 1484409677078766:3:tx 3: 72
> 1484409681543200:3:tx 3: 73
> 1484409682420568:3:tx 3: 74
> 1484409686423269:3:tx 3: 75
> 1484409689561895:3:
> 1484409689561917:3:LINK STATS to 1: 16 15 0
> 1484409689674706:3: 53785 P 0.18 6 263350 1019238 17892 1500056 24617966 35466 145388 3520 220756 3508900
> 1484409689674804:3:tx 0 0 0 0 0 0 0 0 0 0 0 0 0 0 0 0 0 0 0 0 0 1 0 0 0 0 0 0 0 0 0 0 0 0 0 0 0 0 0 0 0 0 0 0 0 0 0 0 0 0 0 0 0 0 0 0 0 0 0 0 0 0 0 0 0 0 0 0 0 0 0 0 0 0 0 0 0 0 0 0 0 0 0 0 0 0 0 0 0 0 0 81 0 0 0 0 0 0 0 0 0 0 0 0 0 0 0 0 0 0 0 0 0 0 0 0 0 0 0 0 0 0 0 0 0 0 0 0 
> 1484409689684897:3:rx 4312 0 0 0 0 0 0 0 0 0 0 0 0 0 0 0 0 0 0 0 0 5 0 0 0 0 0 0 0 0 0 0 0 0 0 45 0 0 0 0 0 0 0 0 0 0 0 0 0 0 0 0 0 0 0 0 0 0 0 0 0 0 0 0 0 0 0 0 0 0 0 0 0 0 0 0 0 0 0 0 0 0 0 0 0 0 0 0 0 0 0 216 0 0 0 0 0 0 0 0 0 0 0 0 0 0 0 0 0 0 0 0 0 0 0 0 0 0 0 0 0 0 0 0 0 0 0 0 
> 1484409691420898:3:tx 3: 76
> 1484409694483659:3:tx 3: 77
> 1484409699837775:3:tx 3: 78
> 1484409704275094:3:tx 3: 79
> 1484409708695974:3:tx 3: 80
> 1484409713005383:3:tx 3: 81
> 1484409714924729:3:tx 3: 82
> 1484409717995316:3:tx 3: 83
> 1484409723611879:3:tx 3: 84
> 1484409729106733:3:tx 3: 85
> 1484409731824741:3:tx 3: 86
> 1484409736524662:3:tx 3: 87
> 1484409740128222:3:tx 3: 88
> 1484409742955902:3:tx 3: 89
> 1484409747867174:3:tx 3: 90
> 1484409749556963:3:
> 1484409749556977:3:LINK STATS to 1: 16 15 0
> 1484409749669363:3: 61465 P 0.18 7 299872 1164432 21412 1728598 28118536 36522 145194 3520 228542 3500570
> 1484409749669403:3:tx 0 0 0 0 0 0 0 0 0 0 0 0 0 0 0 0 0 0 0 0 0 1 0 0 0 0 0 0 0 0 0 0 0 0 0 0 0 0 0 0 0 0 0 0 0 0 0 0 0 0 0 0 0 0 0 0 0 0 0 0 0 0 0 0 0 0 0 0 0 0 0 0 0 0 0 0 0 0 0 0 0 0 0 0 0 0 0 0 0 0 0 97 0 0 0 0 0 0 0 0 0 0 0 0 0 0 0 0 0 0 0 0 0 0 0 0 0 0 0 0 0 0 0 0 0 0 0 0 
> 1484409749679713:3:rx 4918 0 0 0 0 0 0 0 0 0 0 0 0 0 0 0 0 0 0 0 0 5 0 0 0 0 0 0 0 0 0 0 0 0 0 46 0 0 0 0 0 0 0 0 0 0 0 0 0 0 0 0 0 0 0 0 0 0 0 0 0 0 0 0 0 0 0 0 0 0 0 0 0 0 0 0 0 0 0 0 0 0 0 0 0 0 0 0 0 0 0 259 0 0 0 0 0 0 0 0 0 0 0 0 0 0 0 0 0 0 0 0 0 0 0 0 0 0 0 0 0 0 0 0 0 0 0 0 
> 1484409751839016:3:tx 3: 91
> 1484409754748873:3:tx 3: 92
> 1484409758587147:3:tx 3: 93
> 1484409764027247:3:tx 3: 94
> 1484409767245682:3:tx 3: 95
> 1484409772436297:3:tx 3: 96
> 1484409774722664:3:tx 3: 97
> 1484409781025669:3:tx 3: 98
> 1484409784541419:3:tx 3: 99
> 1484409786685185:3:tx 3: 100
> 1484409790069206:3:tx 3: 101
> 1484409794454431:3:tx 3: 102
> 1484409799422012:3:tx 3: 103
> 1484409801795634:3:tx 3: 104
> 1484409808861299:3:tx 3: 105
> 1484409809551997:3:
> 1484409809552027:3:LINK STATS to 1: 16 15 0
> 1484409809672162:3: 69145 P 0.18 8 337496 1310002 24932 1946940 31628230 37624 145570 3520 218342 3509694
> 1484409809672332:3:tx 0 0 0 0 0 0 0 0 0 0 0 0 0 0 0 0 0 0 0 0 0 1 0 0 0 0 0 0 0 0 0 0 0 0 0 0 0 0 0 0 0 0 0 0 0 0 0 0 0 0 0 0 0 0 0 0 0 0 0 0 0 0 0 0 0 0 0 0 0 0 0 0 0 0 0 0 0 0 0 0 0 0 0 0 0 0 0 0 0 0 0 113 0 0 0 0 0 0 0 0 0 0 0 0 0 0 0 0 0 0 0 0 0 0 0 0 0 0 0 0 0 0 0 0 0 0 0 0 
> 1484409809702227:3:rx 5522 0 0 0 0 0 0 0 0 0 0 0 0 0 0 0 0 0 0 0 0 5 0 0 0 0 0 0 0 0 0 0 0 0 0 47 0 0 0 0 0 0 0 0 0 0 0 0 0 0 0 0 0 0 0 0 0 0 0 0 0 0 0 0 0 0 0 0 0 0 0 0 0 0 0 0 0 0 0 0 0 0 0 0 0 0 0 0 0 0 0 305 0 0 0 0 0 0 0 0 0 0 0 0 0 0 0 0 0 0 0 0 0 0 0 0 0 0 0 0 0 0 0 0 0 0 0 0 
> 1484409810705860:3:tx 3: 106
> 1484409817515753:3:tx 3: 107
> 1484409818363001:3:tx 3: 108
> 1484409822522680:3:tx 3: 109
> 1484409828091744:3:tx 3: 110
> 1484409830966436:3:tx 3: 111
> 1484409836410996:3:tx 3: 112
> 1484409841251868:3:tx 3: 113
> 1484409844216617:3:tx 3: 114
> 1484409847663347:3:tx 3: 115
> 1484409852528026:3:tx 3: 116
> 1484409854870156:3:tx 3: 117
> 1484409858679654:3:tx 3: 118
> 1484409863525521:3:tx 3: 119
> 1484409865731320:3:--- Network status ---
> 1484409865731397:3:-- Server IPv6 addresses:
> 1484409865731461:3:-- fd00::212:4b00:0:fe03
> 1484409865731509:3:-- fe80::212:4b00:0:fe03
> 1484409865731595:3:-- Default route:
> 1484409865731650:3:-- None
> 1484409865731697:3:-- Routing entries (1 in total):
> 1484409865731737:3:-- fd00::212:4b00:0:fe01 via fd00::212:4b00:0:fe01 (lifetime: 0 seconds)
> 1484409865731827:3:----------------------
> 1484409866700857:3:tx 3: 120
> 1484409869546822:3:
> 1484409869546854:3:LINK STATS to 1: 15 15 0
> 1484409869666789:3: 76825 P 0.18 9 374326 1455464 28232 2168878 35134598 36830 145462 3300 221938 3506368
> 1484409869666955:3:tx 0 0 0 0 0 0 0 0 0 0 0 0 0 0 0 0 0 0 0 0 0 1 0 0 0 0 0 0 0 0 0 0 0 0 0 0 0 0 0 0 0 0 0 0 0 0 0 0 0 0 0 0 0 0 0 0 0 0 0 0 0 0 0 0 0 0 0 0 0 0 0 0 0 0 0 0 0 0 0 0 0 0 0 0 0 0 0 0 0 0 0 128 0 0 0 0 0 0 0 0 0 0 0 0 0 0 0 0 0 0 0 0 0 0 0 0 0 0 0 0 0 0 0 0 0 0 0 0 
> 1484409869697879:3:rx 6126 0 0 0 0 0 0 0 0 0 0 0 0 0 0 0 0 0 0 0 0 5 0 0 0 0 0 0 0 0 0 0 0 0 0 48 0 0 0 0 0 0 0 0 0 0 0 0 0 0 0 0 0 0 0 0 0 0 0 0 0 0 0 0 0 0 0 0 0 0 0 0 0 0 0 0 0 0 0 0 0 0 0 0 0 0 0 0 0 0 0 351 0 0 0 0 0 0 0 0 0 0 0 0 0 0 0 0 0 0 0 0 0 0 0 0 0 0 0 0 0 0 0 0 0 0 0 0 
> 1484409871421646:3:tx 3: 121
> 1484409874073201:3:tx 3: 122
> 1484409878307139:3:tx 3: 123
> 1484409885611622:3:tx 3: 124
> 1484409886962634:3:tx 3: 125
> 1484409891314209:3:tx 3: 126
> 1484409897325095:3:tx 3: 127
> 1484409899962087:3:tx 3: 128
> 1484409905072083:3:tx 3: 129
> 1484409909142699:3:tx 3: 130
> 1484409911163612:3:tx 3: 131
> 1484409917143077:3:tx 3: 132
> 1484409919231880:3:tx 3: 133
> 1484409921817058:3:tx 3: 134
> 1484409929301729:3:tx 3: 135
> 1484409929541894:3:
> 1484409929541928:3:LINK STATS to 1: 16 15 0
> 1484409929662555:3: 84505 P 0.18 10 411244 1600730 31752 2395058 38636974 36918 145266 3520 226180 3502376
> 1484409929662659:3:tx 0 0 0 0 0 0 0 0 0 0 0 0 0 0 0 0 0 0 0 0 0 1 0 0 0 0 0 0 0 0 0 0 0 0 0 0 0 0 0 0 0 0 0 0 0 0 0 0 0 0 0 0 0 0 0 0 0 0 0 0 0 0 0 0 0 0 0 0 0 0 0 0 0 0 0 0 0 0 0 0 0 0 0 0 0 0 0 0 0 0 0 144 0 0 0 0 0 0 0 0 0 0 0 0 0 0 0 0 0 0 0 0 0 0 0 0 0 0 0 0 0 0 0 0 0 0 0 0 
> 1484409929692643:3:rx 6731 0 0 0 0 0 0 0 0 0 0 0 0 0 0 0 0 0 0 0 0 5 0 0 0 0 0 0 0 0 0 0 0 0 0 49 0 0 0 0 0 0 0 0 0 0 0 0 0 0 0 0 0 0 0 0 0 0 0 0 0 0 0 0 0 0 0 0 0 0 0 0 0 0 0 0 0 0 0 0 0 0 0 0 0 0 0 0 0 0 0 395 0 0 0 0 0 0 0 0 0 0 0 0 0 0 0 0 0 0 0 0 0 0 0 0 0 0 0 0 0 0 0 0 0 0 0 0 
> 1484409931220690:3:tx 3: 136
> 1484409936672655:3:tx 3: 137
> 1484409938670390:3:tx 3: 138
> 1484409942669098:3:tx 3: 139
> 1484409946236902:3:tx 3: 140
> 1484409951661364:3:tx 3: 141
> 1484409955797518:3:tx 3: 142
> 1484409961609940:3:tx 3: 143
> 1484409964778534:3:tx 3: 144
> 1484409967947012:3:tx 3: 145
> 1484409970289448:3:tx 3: 146
> 1484409976767103:3:tx 3: 147
> 1484409980020895:3:tx 3: 148
> 1484409985661790:3:tx 3: 149
> 1484409986801858:3:tx 3: 150
> 1484409989544748:3:
> 1484409989544772:3:LINK STATS to 1: 18 15 0
> 1484409989657349:3: 92185 P 0.18 11 447404 1745928 35712 2604750 42156900 36160 145198 3960 209692 3519926
> 1484409989657518:3:tx 0 0 0 0 0 0 0 0 0 0 0 0 0 0 0 0 0 0 0 0 0 1 0 0 0 0 0 0 0 0 0 0 0 0 0 0 0 0 0 0 0 0 0 0 0 0 0 0 0 0 0 0 0 0 0 0 0 0 0 0 0 0 0 0 0 0 0 0 0 0 0 0 0 0 0 0 0 0 0 0 0 0 0 0 0 0 0 0 0 0 0 162 0 0 0 0 0 0 0 0 0 0 0 0 0 0 0 0 0 0 0 0 0 0 0 0 0 0 0 0 0 0 0 0 0 0 0 0 
> 1484409989687400:3:rx 7336 0 0 0 0 0 0 0 0 0 0 0 0 0 0 0 0 0 0 0 0 5 0 0 0 0 0 0 0 0 0 0 0 0 0 50 0 0 0 0 0 0 0 0 0 0 0 0 0 0 0 0 0 0 0 0 0 0 0 0 0 0 0 0 0 0 0 0 0 0 0 0 0 0 0 0 0 0 0 0 0 0 0 0 0 0 0 0 0 0 0 437 0 0 0 0 0 0 0 0 0 0 0 0 0 0 0 0 0 0 0 0 0 0 0 0 0 0 0 0 0 0 0 0 0 0 0 0 
> 1484409991043434:3:tx 3: 151
