connecting to /dev/ttyUSB1 (115200) [OK]
> 1484409399177488:2:tx 2: 3
> 1484409400830619:2:tx 2: 4
> 1484409404285374:2:tx 2: 5
> 1484409409764471:2:tx 2: 6
> 1484409413023002:2:tx 2: 7
> 1484409417601575:2:tx 2: 8
> 1484409421588512:2:tx 2: 9
> 1484409426480716:2:tx 2: 10
> 1484409428846161:2:tx 2: 11
> 1484409434455055:2:tx 2: 12
> 1484409439259282:2:tx 2: 13
> 1484409442914701:2:tx 2: 14
> 1484409446549503:2:tx 2: 15
> 1484409447937340:2:
> 1484409447937354:2:LINK STATS to 1: 16 16 0
> 1484409448042066:2: 23065 P 0.18 2 129550 450822 3372 625812 10564506 37476 144168 3372 218420 3510852
> 1484409448042164:2:tx 0 0 0 0 0 0 0 0 0 0 0 0 0 0 0 0 0 0 0 0 0 1 0 0 0 0 0 0 0 0 0 0 0 0 0 0 0 0 0 0 0 0 0 0 0 0 0 0 0 0 0 0 0 0 0 0 0 0 0 0 0 0 0 0 0 0 0 0 0 0 0 0 0 0 0 0 0 0 0 0 0 0 0 0 0 0 0 0 0 0 0 15 0 0 0 0 0 0 0 0 0 0 0 0 0 0 0 0 0 0 0 0 0 0 0 0 0 0 0 0 0 0 0 0 0 0 0 0 
> 1484409448067023:2:rx 1894 0 0 0 0 0 0 0 0 0 0 0 0 0 0 0 0 0 0 0 0 5 0 0 0 0 0 0 0 0 0 0 0 0 0 43 0 0 0 0 0 0 0 0 0 0 0 0 0 0 0 0 0 0 0 0 0 0 0 0 0 0 0 0 0 0 0 0 0 0 0 0 0 0 0 0 0 0 0 0 0 0 0 0 0 0 0 0 0 0 0 36 0 0 0 0 0 0 0 0 0 0 0 0 0 0 0 0 0 0 0 0 0 0 0 0 0 0 0 0 0 0 0 0 0 0 0 0 
> 1484409451825174:2:tx 2: 16
> 1484409453626621:2:tx 2: 17
> 1484409458573350:2:tx 2: 18
> 1484409463116554:2:tx 2: 19
> 1484409464937665:2:tx 2: 20
> 1484409468999450:2:tx 2: 21
> 1484409475215014:2:tx 2: 22
> 1484409476237469:2:tx 2: 23
> 1484409482092701:2:tx 2: 24
> 1484409485852592:2:tx 2: 25
> 1484409489667688:2:tx 2: 26
> 1484409495229007:2:tx 2: 27
> 1484409499518045:2:tx 2: 28
> 1484409501993266:2:tx 2: 29
> 1484409505776675:2:tx 2: 30
> 1484409507932329:2:
> 1484409507932359:2:LINK STATS to 1: 16 15 0
> 1484409508036627:2: 30745 P 0.18 3 165294 596636 6892 833402 14086278 35744 145814 3520 207590 3521772
> 1484409508036733:2:tx 0 0 0 0 0 0 0 0 0 0 0 0 0 0 0 0 0 0 0 0 0 1 0 0 0 0 0 0 0 0 0 0 0 0 0 0 0 0 0 0 0 0 0 0 0 0 0 0 0 0 0 0 0 0 0 0 0 0 0 0 0 0 0 0 0 0 0 0 0 0 0 0 0 0 0 0 0 0 0 0 0 0 0 0 0 0 0 0 0 0 0 31 0 0 0 0 0 0 0 0 0 0 0 0 0 0 0 0 0 0 0 0 0 0 0 0 0 0 0 0 0 0 0 0 0 0 0 0 
> 1484409508061857:2:rx 2495 0 0 0 0 0 0 0 0 0 0 0 0 0 0 0 0 0 0 0 0 5 0 0 0 0 0 0 0 0 0 0 0 0 0 44 0 0 0 0 0 0 0 0 0 0 0 0 0 0 0 0 0 0 0 0 0 0 0 0 0 0 0 0 0 0 0 0 0 0 0 0 0 0 0 0 0 0 0 0 0 0 0 0 0 0 0 0 0 0 0 84 0 0 0 0 0 0 0 0 0 0 0 0 0 0 0 0 0 0 0 0 0 0 0 0 0 0 0 0 0 0 0 0 0 0 0 0 
> 1484409511263832:2:tx 2: 31
> 1484409513120483:2:tx 2: 32
> 1484409516903907:2:tx 2: 33
> 1484409522990069:2:tx 2: 34
> 1484409525911850:2:tx 2: 35
> 1484409529895279:2:tx 2: 36
> 1484409535159091:2:tx 2: 37
> 1484409538010456:2:tx 2: 38
> 1484409541237680:2:tx 2: 39
> 1484409547206651:2:tx 2: 40
> 1484409548165247:2:tx 2: 41
> 1484409552161220:2:tx 2: 42
> 1484409558220224:2:tx 2: 43
> 1484409563392930:2:tx 2: 44
> 1484409565434891:2:tx 2: 45
> 1484409567927286:2:
> 1484409567927328:2:LINK STATS to 1: 16 15 0
> 1484409568032385:2: 38425 P 0.18 4 201010 741886 10412 1038070 17611486 35716 145250 3520 204668 3525208
> 1484409568032582:2:tx 0 0 0 0 0 0 0 0 0 0 0 0 0 0 0 0 0 0 0 0 0 1 0 0 0 0 0 0 0 0 0 0 0 0 0 0 0 0 0 0 0 0 0 0 0 0 0 0 0 0 0 0 0 0 0 0 0 0 0 0 0 0 0 0 0 0 0 0 0 0 0 0 0 0 0 0 0 0 0 0 0 0 0 0 0 0 0 0 0 0 0 47 0 0 0 0 0 0 0 0 0 0 0 0 0 0 0 0 0 0 0 0 0 0 0 0 0 0 0 0 0 0 0 0 0 0 0 0 
> 1484409568056383:2:rx 3100 0 0 0 0 0 0 0 0 0 0 0 0 0 0 0 0 0 0 0 0 5 0 0 0 0 0 0 0 0 0 0 0 0 0 45 0 0 0 0 0 0 0 0 0 0 0 0 0 0 0 0 0 0 0 0 0 0 0 0 0 0 0 0 0 0 0 0 0 0 0 0 0 0 0 0 0 0 0 0 0 0 0 0 0 0 0 0 0 0 0 128 0 0 0 0 0 0 0 0 0 0 0 0 0 0 0 0 0 0 0 0 0 0 0 0 0 0 0 0 0 0 0 0 0 0 0 0 
> 1484409570381748:2:tx 2: 46
> 1484409572581227:2:tx 2: 47
> 1484409578962601:2:tx 2: 48
> 1484409581049163:2:tx 2: 49
> 1484409586529696:2:tx 2: 50
> 1484409590019270:2:tx 2: 51
> 1484409593696916:2:tx 2: 52
> 1484409598283423:2:tx 2: 53
> 1484409603179085:2:tx 2: 54
> 1484409606931486:2:tx 2: 55
> 1484409611943703:2:tx 2: 56
> 1484409612727939:2:tx 2: 57
> 1484409618880025:2:tx 2: 58
> 1484409623103178:2:tx 2: 59
> 1484409624084463:2:--- Network status ---
> 1484409624084525:2:-- Server IPv6 addresses:
> 1484409624084573:2:-- fd00::212:4b00:0:fe02
> 1484409624084600:2:-- fe80::212:4b00:0:fe02
> 1484409624084634:2:-- Default route:
> 1484409624084663:2:-- None
> 1484409624084700:2:-- Routing entries (1 in total):
> 1484409624084792:2:-- fd00::212:4b00:0:fe01 via fd00::212:4b00:0:fe01 (lifetime: 0 seconds)
> 1484409624084994:2:----------------------
> 1484409627896956:2:tx 2: 60
> 1484409627922087:2:
> 1484409627922115:2:LINK STATS to 1: 16 14 0
> 1484409628031944:2: 46105 P 0.18 5 238422 886714 14150 1257440 21121182 37412 144828 3738 219370 3509696
> 1484409628032074:2:tx 0 0 0 0 0 0 0 0 0 0 0 0 0 0 0 0 0 0 0 0 0 1 0 0 0 0 0 0 0 0 0 0 0 0 0 0 0 0 0 0 0 0 0 0 0 0 0 0 0 0 0 0 0 0 0 0 0 0 0 0 0 0 0 0 0 0 0 0 0 0 0 0 0 0 0 0 0 0 0 0 0 0 0 0 0 0 0 0 0 0 0 64 0 0 0 0 0 0 0 0 0 0 0 0 0 0 0 0 0 0 0 0 0 0 0 0 0 0 0 0 0 0 0 0 0 0 0 0 
> 1484409628057015:2:rx 3708 0 0 0 0 0 0 0 0 0 0 0 0 0 0 0 0 0 0 0 0 5 0 0 0 0 0 0 0 0 0 0 0 0 0 46 0 0 0 0 0 0 0 0 0 0 0 0 0 0 0 0 0 0 0 0 0 0 0 0 0 0 0 0 0 0 0 0 0 0 0 0 0 0 0 0 0 0 0 0 0 0 0 0 0 0 0 0 0 0 0 168 0 0 0 0 0 0 0 0 0 0 0 0 0 0 0 0 0 0 0 0 0 0 0 0 0 0 0 0 0 0 0 0 0 0 0 0 
> 1484409628911543:2:tx 2: 61
> 1484409635209367:2:tx 2: 62
> 1484409638427842:2:tx 2: 63
> 1484409643019060:2:tx 2: 64
> 1484409644174759:2:tx 2: 65
> 1484409651733733:2:tx 2: 66
> 1484409655525145:2:tx 2: 67
> 1484409657040664:2:tx 2: 68
> 1484409663107764:2:tx 2: 69
> 1484409664772189:2:tx 2: 70
> 1484409670004598:2:tx 2: 71
> 1484409674254379:2:tx 2: 72
> 1484409678817210:2:tx 2: 73
> 1484409683728738:2:tx 2: 74
> 1484409684824135:2:tx 2: 75
> 1484409687917114:2:
> 1484409687917140:2:LINK STATS to 1: 18 16 0
> 1484409688029706:2: 53785 P 0.18 6 275668 1032164 17890 1469306 24637782 37246 145450 3740 211866 3516600
> 1484409688029829:2:tx 0 0 0 0 0 0 0 0 0 0 0 0 0 0 0 0 0 0 0 0 0 1 0 0 0 0 0 0 0 0 0 0 0 0 0 0 0 0 0 0 0 0 0 0 0 0 0 0 0 0 0 0 0 0 0 0 0 0 0 0 0 0 0 0 0 0 0 0 0 0 0 0 0 0 0 0 0 0 0 0 0 0 0 0 0 0 0 0 0 0 0 81 0 0 0 0 0 0 0 0 0 0 0 0 0 0 0 0 0 0 0 0 0 0 0 0 0 0 0 0 0 0 0 0 0 0 0 0 
> 1484409688054950:2:rx 4311 0 0 0 0 0 0 0 0 0 0 0 0 0 0 0 0 0 0 0 0 5 0 0 0 0 0 0 0 0 0 0 0 0 0 47 0 0 0 0 0 0 0 0 0 0 0 0 0 0 0 0 0 0 0 0 0 0 0 0 0 0 0 0 0 0 0 0 0 0 0 0 0 0 0 0 0 0 0 0 0 0 0 0 0 0 0 0 0 0 0 213 0 0 0 0 0 0 0 0 0 0 0 0 0 0 0 0 0 0 0 0 0 0 0 0 0 0 0 0 0 0 0 0 0 0 0 0 
> 1484409688914032:2:tx 2: 76
> 1484409694005635:2:tx 2: 77
> 1484409696645569:2:tx 2: 78
> 1484409702998308:2:tx 2: 79
> 1484409705077982:2:tx 2: 80
> 1484409709139829:2:tx 2: 81
> 1484409713252435:2:tx 2: 82
> 1484409716726390:2:tx 2: 83
> 1484409722573682:2:tx 2: 84
> 1484409725675743:2:tx 2: 85
> 1484409729408477:2:tx 2: 86
> 1484409733799045:2:tx 2: 87
> 1484409737484405:2:tx 2: 88
> 1484409743527950:2:tx 2: 89
> 1484409746613791:2:tx 2: 90
> 1484409747919768:2:
> 1484409747919782:2:LINK STATS to 1: 15 15 0
> 1484409748024480:2: 61465 P 0.18 7 315360 1177864 21190 1690570 28141890 39692 145700 3300 221264 3504108
> 1484409748024561:2:tx 0 0 0 0 0 0 0 0 0 0 0 0 0 0 0 0 0 0 0 0 0 1 0 0 0 0 0 0 0 0 0 0 0 0 0 0 0 0 0 0 0 0 0 0 0 0 0 0 0 0 0 0 0 0 0 0 0 0 0 0 0 0 0 0 0 0 0 0 0 0 0 0 0 0 0 0 0 0 0 0 0 0 0 0 0 0 0 0 0 0 0 96 0 0 0 0 0 0 0 0 0 0 0 0 0 0 0 0 0 0 0 0 0 0 0 0 0 0 0 0 0 0 0 0 0 0 0 0 
> 1484409748049568:2:rx 4913 0 0 0 0 0 0 0 0 0 0 0 0 0 0 0 0 0 0 0 0 5 0 0 0 0 0 0 0 0 0 0 0 0 0 49 0 0 0 0 0 0 0 0 0 0 0 0 0 0 0 0 0 0 0 0 0 0 0 0 0 0 0 0 0 0 0 0 0 0 0 0 0 0 0 0 0 0 0 0 0 0 0 0 0 0 0 0 0 0 0 260 0 0 0 0 0 0 0 0 0 0 0 0 0 0 0 0 0 0 0 0 0 0 0 0 0 0 0 0 0 0 0 0 0 0 0 0 
> 1484409750013866:2:tx 2: 91
> 1484409753848071:2:tx 2: 92
> 1484409757279042:2:tx 2: 93
> 1484409761109502:2:tx 2: 94
> 1484409764395410:2:tx 2: 95
> 1484409768586540:2:tx 2: 96
> 1484409773920802:2:tx 2: 97
> 1484409779921079:2:tx 2: 98
> 1484409782271367:2:tx 2: 99
> 1484409785439771:2:tx 2: 100
> 1484409788463268:2:tx 2: 101
> 1484409792426823:2:tx 2: 102
> 1484409798321603:2:tx 2: 103
> 1484409803342633:2:tx 2: 104
> 1484409806855869:2:tx 2: 105
> 1484409807914995:2:
> 1484409807915011:2:LINK STATS to 1: 16 15 0
> 1484409808019210:2: 69145 P 0.18 8 351224 1322968 24710 1911920 31650526 35864 145104 3520 221350 3508636
> 1484409808019366:2:tx 0 0 0 0 0 0 0 0 0 0 0 0 0 0 0 0 0 0 0 0 0 1 0 0 0 0 0 0 0 0 0 0 0 0 0 0 0 0 0 0 0 0 0 0 0 0 0 0 0 0 0 0 0 0 0 0 0 0 0 0 0 0 0 0 0 0 0 0 0 0 0 0 0 0 0 0 0 0 0 0 0 0 0 0 0 0 0 0 0 0 0 112 0 0 0 0 0 0 0 0 0 0 0 0 0 0 0 0 0 0 0 0 0 0 0 0 0 0 0 0 0 0 0 0 0 0 0 0 
> 1484409808044025:2:rx 5519 0 0 0 0 0 0 0 0 0 0 0 0 0 0 0 0 0 0 0 0 5 0 0 0 0 0 0 0 0 0 0 0 0 0 50 0 0 0 0 0 0 0 0 0 0 0 0 0 0 0 0 0 0 0 0 0 0 0 0 0 0 0 0 0 0 0 0 0 0 0 0 0 0 0 0 0 0 0 0 0 0 0 0 0 0 0 0 0 0 0 303 0 0 0 0 0 0 0 0 0 0 0 0 0 0 0 0 0 0 0 0 0 0 0 0 0 0 0 0 0 0 0 0 0 0 0 0 
> 1484409808417174:2:tx 2: 106
> 1484409815472359:2:tx 2: 107
> 1484409818049734:2:tx 2: 108
> 1484409820607100:2:tx 2: 109
> 1484409827723593:2:tx 2: 110
> 1484409832004416:2:tx 2: 111
> 1484409834554324:2:tx 2: 112
> 1484409836904337:2:tx 2: 113
> 1484409842782964:2:tx 2: 114
> 1484409845617501:2:tx 2: 115
> 1484409850154289:2:tx 2: 116
> 1484409853510948:2:tx 2: 117
> 1484409856703416:2:tx 2: 118
> 1484409861406836:2:tx 2: 119
> 1484409864079653:2:--- Network status ---
> 1484409864079707:2:-- Server IPv6 addresses:
> 1484409864079743:2:-- fd00::212:4b00:0:fe02
> 1484409864079766:2:-- fe80::212:4b00:0:fe02
> 1484409864079793:2:-- Default route:
> 1484409864079810:2:-- None
> 1484409864079823:2:-- Routing entries (1 in total):
> 1484409864079853:2:-- fd00::212:4b00:0:fe01 via fd00::212:4b00:0:fe01 (lifetime: 0 seconds)
> 1484409864079971:2:----------------------
> 1484409866098828:2:tx 2: 120
> 1484409867909976:2:
> 1484409867910016:2:LINK STATS to 1: 15 15 0
> 1484409868014836:2: 76825 P 0.18 9 388266 1468554 28010 2122698 35167832 37042 145586 3300 210778 3517306
> 1484409868015018:2:tx 0 0 0 0 0 0 0 0 0 0 0 0 0 0 0 0 0 0 0 0 0 1 0 0 0 0 0 0 0 0 0 0 0 0 0 0 0 0 0 0 0 0 0 0 0 0 0 0 0 0 0 0 0 0 0 0 0 0 0 0 0 0 0 0 0 0 0 0 0 0 0 0 0 0 0 0 0 0 0 0 0 0 0 0 0 0 0 0 0 0 0 127 0 0 0 0 0 0 0 0 0 0 0 0 0 0 0 0 0 0 0 0 0 0 0 0 0 0 0 0 0 0 0 0 0 0 0 0 
> 1484409868038861:2:rx 6124 0 0 0 0 0 0 0 0 0 0 0 0 0 0 0 0 0 0 0 0 5 0 0 0 0 0 0 0 0 0 0 0 0 0 50 0 0 0 0 0 0 0 0 0 0 0 0 0 0 0 0 0 0 0 0 0 0 0 0 0 0 0 0 0 0 0 0 0 0 0 0 0 0 0 0 0 0 0 0 0 0 0 0 0 0 0 0 0 0 0 349 0 0 0 0 0 0 0 0 0 0 0 0 0 0 0 0 0 0 0 0 0 0 0 0 0 0 0 0 0 0 0 0 0 0 0 0 
> 1484409869341808:2:tx 2: 121
> 1484409872937474:2:tx 2: 122
> 1484409878667159:2:tx 2: 123
> 1484409882109942:2:tx 2: 124
> 1484409887239647:2:tx 2: 125
> 1484409890797484:2:tx 2: 126
> 1484409895309242:2:tx 2: 127
> 1484409899174780:2:tx 2: 128
> 1484409902817400:2:tx 2: 129
> 1484409904473896:2:tx 2: 130
> 1484409909601070:2:tx 2: 131
> 1484409912859731:2:tx 2: 132
> 1484409919944529:2:tx 2: 133
> 1484409923195426:2:tx 2: 134
> 1484409925290896:2:tx 2: 135
> 1484409927904900:2:
> 1484409927904932:2:LINK STATS to 1: 17 15 0
> 1484409928017550:2: 84505 P 0.18 10 424180 1613864 31750 2353186 38667724 35914 145310 3740 230488 3499892
> 1484409928017748:2:tx 0 0 0 0 0 0 0 0 0 0 0 0 0 0 0 0 0 0 0 0 0 1 0 0 0 0 0 0 0 0 0 0 0 0 0 0 0 0 0 0 0 0 0 0 0 0 0 0 0 0 0 0 0 0 0 0 0 0 0 0 0 0 0 0 0 0 0 0 0 0 0 0 0 0 0 0 0 0 0 0 0 0 0 0 0 0 0 0 0 0 0 144 0 0 0 0 0 0 0 0 0 0 0 0 0 0 0 0 0 0 0 0 0 0 0 0 0 0 0 0 0 0 0 0 0 0 0 0 
> 1484409928041669:2:rx 6728 0 0 0 0 0 0 0 0 0 0 0 0 0 0 0 0 0 0 0 0 5 0 0 0 0 0 0 0 0 0 0 0 0 0 51 0 0 0 0 0 0 0 0 0 0 0 0 0 0 0 0 0 0 0 0 0 0 0 0 0 0 0 0 0 0 0 0 0 0 0 0 0 0 0 0 0 0 0 0 0 0 0 0 0 0 0 0 0 0 0 393 0 0 0 0 0 0 0 0 0 0 0 0 0 0 0 0 0 0 0 0 0 0 0 0 0 0 0 0 0 0 0 0 0 0 0 0 
> 1484409930915311:2:tx 2: 136
> 1484409935485891:2:tx 2: 137
> 1484409936696549:2:tx 2: 138
> 1484409943805002:2:tx 2: 139
> 1484409946084397:2:tx 2: 140
> 1484409949883565:2:tx 2: 141
> 1484409952201832:2:tx 2: 142
> 1484409957172432:2:tx 2: 143
> 1484409962569402:2:tx 2: 144
> 1484409964163502:2:tx 2: 145
> 1484409969407929:2:tx 2: 146
> 1484409975278976:2:tx 2: 147
> 1484409978956739:2:tx 2: 148
> 1484409982262090:2:tx 2: 149
> 1484409985121637:2:tx 2: 150
> 1484409987899870:2:
> 1484409987899911:2:LINK STATS to 1: 16 15 0
> 1484409988012442:2: 92185 P 0.18 11 459806 1759390 35270 2588212 42162498 35626 145526 3520 235026 3494774
> 1484409988012611:2:tx 0 0 0 0 0 0 0 0 0 0 0 0 0 0 0 0 0 0 0 0 0 1 0 0 0 0 0 0 0 0 0 0 0 0 0 0 0 0 0 0 0 0 0 0 0 0 0 0 0 0 0 0 0 0 0 0 0 0 0 0 0 0 0 0 0 0 0 0 0 0 0 0 0 0 0 0 0 0 0 0 0 0 0 0 0 0 0 0 0 0 0 160 0 0 0 0 0 0 0 0 0 0 0 0 0 0 0 0 0 0 0 0 0 0 0 0 0 0 0 0 0 0 0 0 0 0 0 0 
> 1484409988036606:2:rx 7332 0 0 0 0 0 0 0 0 0 0 0 0 0 0 0 0 0 0 0 0 5 0 0 0 0 0 0 0 0 0 0 0 0 0 52 0 0 0 0 0 0 0 0 0 0 0 0 0 0 0 0 0 0 0 0 0 0 0 0 0 0 0 0 0 0 0 0 0 0 0 0 0 0 0 0 0 0 0 0 0 0 0 0 0 0 0 0 0 0 0 438 0 0 0 0 0 0 0 0 0 0 0 0 0 0 0 0 0 0 0 0 0 0 0 0 0 0 0 0 0 0 0 0 0 0 0 0 
> 1484409991352701:2:tx 2: 151
