connecting to /dev/ttyUSB1 (115200) [OK]
> 1484479036115797:2: 7706 P 0.18 0 153580 52262 0 113564 3678110 153580 52262 0 113564 3678110
> 1484479036115890:2:tx 0 0 0 0 0 0 0 0 0 0 0 0 0 0 0 0 0 0 0 0 0 0 0 0 0 0 0 0 0 0 0 0 0 0 0 0 0 0 0 0 0 0 0 0 0 0 0 0 0 0 0 0 0 0 0 0 0 0 0 0 0 0 0 0 0 0 0 0 0 0 0 0 0 0 0 0 0 0 0 0 0 0 0 0 0 0 0 0 0 0 0 0 0 0 0 0 0 0 0 0 0 0 0 0 0 0 0 0 0 0 0 0 0 0 0 0 0 0 0 0 0 0 0 0 0 0 0 0 
> 1484479036146103:2:rx 0 0 0 0 0 0 0 0 0 0 0 0 0 0 0 0 0 0 0 0 0 0 0 0 0 0 0 0 0 0 0 0 0 0 0 0 0 0 0 0 0 0 0 0 0 0 0 0 0 0 0 0 0 0 0 0 0 0 0 0 0 0 0 0 0 0 0 0 0 0 0 0 0 0 0 0 0 0 0 0 0 0 0 0 0 0 0 0 0 0 0 0 0 0 0 0 0 0 0 0 0 0 0 0 0 0 0 0 0 0 0 0 0 0 0 0 0 0 0 0 0 0 0 0 0 0 0 0 
> 1484479096113175:2: 15386 P 0.18 1 292300 96070 0 226752 7358362 138720 43808 0 113188 3680252
> 1484479096113271:2:tx 0 0 0 0 0 0 0 0 0 0 0 0 0 0 0 0 0 0 0 0 0 0 0 0 0 0 0 0 0 0 0 0 0 0 0 0 0 0 0 0 0 0 0 0 0 0 0 0 0 0 0 0 0 0 0 0 0 0 0 0 0 0 0 0 0 0 0 0 0 0 0 0 0 0 0 0 0 0 0 0 0 0 0 0 0 0 0 0 0 0 0 0 0 0 0 0 0 0 0 0 0 0 0 0 0 0 0 0 0 0 0 0 0 0 0 0 0 0 0 0 0 0 0 0 0 0 0 0 
> 1484479096143137:2:rx 0 0 0 0 0 0 0 0 0 0 0 0 0 0 0 0 0 0 0 0 0 0 0 0 0 0 0 0 0 0 0 0 0 0 0 0 0 0 0 0 0 0 0 0 0 0 0 0 0 0 0 0 0 0 0 0 0 0 0 0 0 0 0 0 0 0 0 0 0 0 0 0 0 0 0 0 0 0 0 0 0 0 0 0 0 0 0 0 0 0 0 0 0 0 0 0 0 0 0 0 0 0 0 0 0 0 0 0 0 0 0 0 0 0 0 0 0 0 0 0 0 0 0 0 0 0 0 0 
> 1484479098955897:2:tx 2: 1
> 1484479103705609:2:tx 2: 2
> 1484479105142956:2:tx 2: 3
> 1484479109189400:2:tx 2: 4
> 1484479112306505:2:tx 2: 5
> 1484479118314013:2:tx 2: 6
> 1484479121595105:2:tx 2: 7
> 1484479125274603:2:tx 2: 8
> 1484479128614878:2:tx 2: 9
> 1484479135727509:2:tx 2: 10
> 1484479138945914:2:tx 2: 11
> 1484479140227577:2:tx 2: 12
> 1484479147390942:2:tx 2: 13
> 1484479150804761:2:tx 2: 14
> 1484479155437556:2:tx 2: 15
> 1484479156001348:2:
> 1484479156001362:2:LINK STATS to 1: 15 15 0
> 1484479156103610:2: 23066 P 0.18 2 459708 158728 19608 379468 10969986 167408 62658 19608 152716 3611624
> 1484479156103695:2:tx 0 0 0 0 0 0 0 0 0 0 0 0 0 0 0 0 0 0 0 0 0 0 0 0 0 0 0 0 0 0 0 0 0 0 0 0 0 0 0 0 0 0 0 0 0 0 0 0 0 0 0 0 0 0 0 0 0 0 0 0 0 0 0 0 0 0 0 0 0 0 0 0 0 0 0 0 0 0 0 0 0 0 0 0 0 0 0 0 0 0 0 0 0 0 0 0 0 0 0 0 0 0 0 0 0 0 0 0 0 0 0 0 0 0 0 0 0 0 0 0 0 0 0 0 0 0 0 0 
> 1484479156140647:2:rx 0 0 0 0 0 0 0 0 0 0 0 0 0 0 0 0 0 0 0 0 0 0 0 0 0 0 0 0 0 0 0 0 0 0 0 0 0 0 0 0 0 0 0 0 0 0 0 0 0 0 0 0 0 0 0 0 0 0 0 0 0 0 0 0 0 0 0 0 0 0 0 0 0 0 0 0 0 0 0 0 0 0 0 0 0 0 0 0 0 0 0 0 0 0 0 0 0 0 0 0 0 0 0 0 0 0 0 0 0 0 0 0 0 0 0 0 0 0 0 0 0 0 0 0 0 0 0 0 
> 1484479159820007:2:tx 2: 16
> 1484479162359338:2:tx 2: 17
> 1484479167085693:2:tx 2: 18
> 1484479170647623:2:tx 2: 19
> 1484479174483802:2:tx 2: 20
> 1484479178952078:2:tx 2: 21
> 1484479182022150:2:tx 2: 22
> 1484479186701913:2:tx 2: 23
> 1484479191279495:2:tx 2: 24
> 1484479195168903:2:tx 2: 25
> 1484479197458943:2:tx 2: 26
> 1484479202607383:2:tx 2: 27
> 1484479205255298:2:tx 2: 28
> 1484479211536409:2:tx 2: 29
> 1484479213708256:2:tx 2: 30
> 1484479215998430:2:
> 1484479215998442:2:LINK STATS to 1: 15 15 0
> 1484479216100890:2: 30746 P 0.18 3 631532 212068 36576 518970 14590820 171824 53340 16968 139502 3620834
> 1484479216100931:2:tx 0 0 0 0 0 0 0 0 0 0 0 0 0 0 0 0 0 0 0 0 0 0 0 0 0 0 0 0 0 0 0 0 0 0 0 0 0 0 0 0 0 0 0 0 0 0 0 0 0 0 0 0 0 0 0 0 0 0 0 0 0 0 0 0 0 0 0 0 0 0 0 0 0 0 0 0 0 0 0 0 0 0 0 0 0 0 0 0 0 0 0 0 0 0 0 0 0 0 0 0 0 0 0 0 0 0 0 0 0 0 0 0 0 0 0 0 0 0 0 0 0 0 0 0 0 0 0 0 
> 1484479216136978:2:rx 0 0 0 0 0 0 0 0 0 0 0 0 0 0 0 0 0 0 0 0 0 0 0 0 0 0 0 0 0 0 0 0 0 0 0 0 0 0 0 0 0 0 0 0 0 0 0 0 0 0 0 0 0 0 0 0 0 0 0 0 0 0 0 0 0 0 0 0 0 0 0 0 0 0 0 0 0 0 0 0 0 0 0 0 0 0 0 0 0 0 0 0 0 0 0 0 0 0 0 0 0 0 0 0 0 0 0 0 0 0 0 0 0 0 0 0 0 0 0 0 0 0 0 0 0 0 0 0 
> 1484479217957906:2:tx 2: 31
> 1484479222676582:2:tx 2: 32
> 1484479224816907:2:tx 2: 33
> 1484479231441557:2:tx 2: 34
> 1484479232394614:2:tx 2: 35
> 1484479238472626:2:tx 2: 36
> 1484479243065990:2:tx 2: 37
> 1484479246886130:2:tx 2: 38
> 1484479248721931:2:tx 2: 39
> 1484479254917035:2:tx 2: 40
> 1484479256284068:2:tx 2: 41
> 1484479263197797:2:tx 2: 42
> 1484479266142646:2:tx 2: 43
> 1484479271189234:2:tx 2: 44
> 1484479273282817:2:tx 2: 45
> 1484479275994984:2:
> 1484479275994998:2:LINK STATS to 1: 15 15 0
> 1484479276097821:2: 38426 P 0.18 4 795754 264128 52886 659516 18218212 164222 52060 16310 140546 3627392
> 1484479276097885:2:tx 0 0 0 0 0 0 0 0 0 0 0 0 0 0 0 0 0 0 0 0 0 0 0 0 0 0 0 0 0 0 0 0 0 0 0 0 0 0 0 0 0 0 0 0 0 0 0 0 0 0 0 0 0 0 0 0 0 0 0 0 0 0 0 0 0 0 0 0 0 0 0 0 0 0 0 0 0 0 0 0 0 0 0 0 0 0 0 0 0 0 0 0 0 0 0 0 0 0 0 0 0 0 0 0 0 0 0 0 0 0 0 0 0 0 0 0 0 0 0 0 0 0 0 0 0 0 0 0 
> 1484479276133722:2:rx 0 0 0 0 0 0 0 0 0 0 0 0 0 0 0 0 0 0 0 0 0 0 0 0 0 0 0 0 0 0 0 0 0 0 0 0 0 0 0 0 0 0 0 0 0 0 0 0 0 0 0 0 0 0 0 0 0 0 0 0 0 0 0 0 0 0 0 0 0 0 0 0 0 0 0 0 0 0 0 0 0 0 0 0 0 0 0 0 0 0 0 0 0 0 0 0 0 0 0 0 0 0 0 0 0 0 0 0 0 0 0 0 0 0 0 0 0 0 0 0 0 0 0 0 0 0 0 0 
> 1484479278766842:2:tx 2: 46
> 1484479281797882:2:tx 2: 47
> 1484479287789913:2:tx 2: 48
> 1484479289899284:2:tx 2: 49
> 1484479295617255:2:tx 2: 50
> 1484479299773502:2:tx 2: 51
> 1484479302031247:2:tx 2: 52
> 1484479305093681:2:tx 2: 53
> 1484479309976025:2:tx 2: 54
> 1484479314569548:2:tx 2: 55
> 1484479318248980:2:tx 2: 56
> 1484479321529964:2:tx 2: 57
> 1484479325670417:2:tx 2: 58
> 1484479330709286:2:tx 2: 59
> 1484479332183792:2:--- Network status ---
> 1484479332183827:2:-- Server IPv6 addresses:
> 1484479332183852:2:-- fd00::212:4b00:0:fe02
> 1484479332183870:2:-- fe80::212:4b00:0:fe02
> 1484479332183892:2:-- Default route:
> 1484479332183905:2:-- None
> 1484479332183917:2:-- Routing entries (1 in total):
> 1484479332183941:2:-- fd00::212:4b00:0:fe01 via fd00::212:4b00:0:fe01 (lifetime: 0 seconds)
> 1484479332183983:2:----------------------
> 1484479334353991:2:tx 2: 60
> 1484479335991359:2:
> 1484479335991392:2:LINK STATS to 1: 15 15 0
> 1484479336093537:2: 46106 P 0.18 5 965672 316916 69862 799344 21840626 169918 52788 16976 139828 3622414
> 1484479336093709:2:tx 0 0 0 0 0 0 0 0 0 0 0 0 0 0 0 0 0 0 0 0 0 0 0 0 0 0 0 0 0 0 0 0 0 0 0 0 0 0 0 0 0 0 0 0 0 0 0 0 0 0 0 0 0 0 0 0 0 0 0 0 0 0 0 0 0 0 0 0 0 0 0 0 0 0 0 0 0 0 0 0 0 0 0 0 0 0 0 0 0 0 0 0 0 0 0 0 0 0 0 0 0 0 0 0 0 0 0 0 0 0 0 0 0 0 0 0 0 0 0 0 0 0 0 0 0 0 0 0 
> 1484479336130839:2:rx 0 0 0 0 0 0 0 0 0 0 0 0 0 0 0 0 0 0 0 0 0 0 0 0 0 0 0 0 0 0 0 0 0 0 0 0 0 0 0 0 0 0 0 0 0 0 0 0 0 0 0 0 0 0 0 0 0 0 0 0 0 0 0 0 0 0 0 0 0 0 0 0 0 0 0 0 0 0 0 0 0 0 0 0 0 0 0 0 0 0 0 0 0 0 0 0 0 0 0 0 0 0 0 0 0 0 0 0 0 0 0 0 0 0 0 0 0 0 0 0 0 0 0 0 0 0 0 0 
> 1484479338903738:2:tx 2: 61
> 1484479340728547:2:tx 2: 62
> 1484479345637868:2:tx 2: 63
> 1484479351926563:2:tx 2: 64
> 1484479353895363:2:tx 2: 65
> 1484479356324831:2:tx 2: 66
> 1484479363793270:2:tx 2: 67
> 1484479366644473:2:tx 2: 68
> 1484479369542713:2:tx 2: 69
> 1484479372691241:2:tx 2: 70
> 1484479379651714:2:tx 2: 71
> 1484479381151462:2:tx 2: 72
> 1484479387416709:2:tx 2: 73
> 1484479389986655:2:tx 2: 74
> 1484479393221255:2:tx 2: 75
> 1484479395988122:2:
> 1484479395988161:2:LINK STATS to 1: 15 15 0
> 1484479396090566:2: 53786 P 0.18 6 1135322 369998 88148 938118 25464362 169650 53082 18286 138774 3623736
> 1484479396090623:2:tx 0 0 0 0 0 0 0 0 0 0 0 0 0 0 0 0 0 0 0 0 0 0 0 0 0 0 0 0 0 0 0 0 0 0 0 0 0 0 0 0 0 0 0 0 0 0 0 0 0 0 0 0 0 0 0 0 0 0 0 0 0 0 0 0 0 0 0 0 0 0 0 0 0 0 0 0 0 0 0 0 0 0 0 0 0 0 0 0 0 0 0 0 0 0 0 0 0 0 0 0 0 0 0 0 0 0 0 0 0 0 0 0 0 0 0 0 0 0 0 0 0 0 0 0 0 0 0 0 
> 1484479396126544:2:rx 0 0 0 0 0 0 0 0 0 0 0 0 0 0 0 0 0 0 0 0 0 0 0 0 0 0 0 0 0 0 0 0 0 0 0 0 0 0 0 0 0 0 0 0 0 0 0 0 0 0 0 0 0 0 0 0 0 0 0 0 0 0 0 0 0 0 0 0 0 0 0 0 0 0 0 0 0 0 0 0 0 0 0 0 0 0 0 0 0 0 0 0 0 0 0 0 0 0 0 0 0 0 0 0 0 0 0 0 0 0 0 0 0 0 0 0 0 0 0 0 0 0 0 0 0 0 0 0 
> 1484479398541515:2:tx 2: 76
> 1484479400595901:2:tx 2: 77
> 1484479408032768:2:tx 2: 78
> 1484479409407726:2:tx 2: 79
> 1484479412556046:2:tx 2: 80
> 1484479416360210:2:tx 2: 81
> 1484479420453950:2:tx 2: 82
> 1484479427680095:2:tx 2: 83
> 1484479429805011:2:tx 2: 84
> 1484479434242086:2:tx 2: 85
> 1484479439273147:2:tx 2: 86
> 1484479443468639:2:tx 2: 87
> 1484479444804156:2:tx 2: 88
> 1484479450972348:2:tx 2: 89
> 1484479453928523:2:tx 2: 90
> 1484479455984625:2:
> 1484479455984657:2:LINK STATS to 1: 16 15 0
> 1484479456087369:2: 61466 P 0.18 7 1301994 422652 106436 1078416 29089552 166672 52654 18288 140298 3625190
> 1484479456087465:2:tx 0 0 0 0 0 0 0 0 0 0 0 0 0 0 0 0 0 0 0 0 0 0 0 0 0 0 0 0 0 0 0 0 0 0 0 0 0 0 0 0 0 0 0 0 0 0 0 0 0 0 0 0 0 0 0 0 0 0 0 0 0 0 0 0 0 0 0 0 0 0 0 0 0 0 0 0 0 0 0 0 0 0 0 0 0 0 0 0 0 0 0 0 0 0 0 0 0 0 0 0 0 0 0 0 0 0 0 0 0 0 0 0 0 0 0 0 0 0 0 0 0 0 0 0 0 0 0 0 
> 1484479456123281:2:rx 0 0 0 0 0 0 0 0 0 0 0 0 0 0 0 0 0 0 0 0 0 0 0 0 0 0 0 0 0 0 0 0 0 0 0 0 0 0 0 0 0 0 0 0 0 0 0 0 0 0 0 0 0 0 0 0 0 0 0 0 0 0 0 0 0 0 0 0 0 0 0 0 0 0 0 0 0 0 0 0 0 0 0 0 0 0 0 0 0 0 0 0 0 0 0 0 0 0 0 0 0 0 0 0 0 0 0 0 0 0 0 0 0 0 0 0 0 0 0 0 0 0 0 0 0 0 0 0 
> 1484479457733035:2:tx 2: 91
> 1484479461342622:2:tx 2: 92
> 1484479466303019:2:tx 2: 93
> 1484479471904103:2:tx 2: 94
> 1484479474209012:2:tx 2: 95
> 1484479478458752:2:tx 2: 96
> 1484479482845476:2:tx 2: 97
> 1484479485676843:2:tx 2: 98
> 1484479490825153:2:tx 2: 99
> 1484479493903209:2:tx 2: 100
> 1484479496895152:2:tx 2: 101
> 1484479501719469:2:tx 2: 102
> 1484479506207344:2:tx 2: 103
> 1484479509894624:2:tx 2: 104
> 1484479513699119:2:tx 2: 105
> 1484479515981008:2:
> 1484479515981040:2:LINK STATS to 1: 15 15 0
> 1484479516083441:2: 69146 P 0.18 8 1470432 475370 122968 1218486 32713204 168438 52718 16532 140070 3623652
> 1484479516083602:2:tx 0 0 0 0 0 0 0 0 0 0 0 0 0 0 0 0 0 0 0 0 0 0 0 0 0 0 0 0 0 0 0 0 0 0 0 0 0 0 0 0 0 0 0 0 0 0 0 0 0 0 0 0 0 0 0 0 0 0 0 0 0 0 0 0 0 0 0 0 0 0 0 0 0 0 0 0 0 0 0 0 0 0 0 0 0 0 0 0 0 0 0 0 0 0 0 0 0 0 0 0 0 0 0 0 0 0 0 0 0 0 0 0 0 0 0 0 0 0 0 0 0 0 0 0 0 0 0 0 
> 1484479516120466:2:rx 0 0 0 0 0 0 0 0 0 0 0 0 0 0 0 0 0 0 0 0 0 0 0 0 0 0 0 0 0 0 0 0 0 0 0 0 0 0 0 0 0 0 0 0 0 0 0 0 0 0 0 0 0 0 0 0 0 0 0 0 0 0 0 0 0 0 0 0 0 0 0 0 0 0 0 0 0 0 0 0 0 0 0 0 0 0 0 0 0 0 0 0 0 0 0 0 0 0 0 0 0 0 0 0 0 0 0 0 0 0 0 0 0 0 0 0 0 0 0 0 0 0 0 0 0 0 0 0 
> 1484479518612561:2:tx 2: 106
> 1484479522218290:2:tx 2: 107
> 1484479526486828:2:tx 2: 108
> 1484479528361862:2:tx 2: 109
> 1484479533885213:2:tx 2: 110
> 1484479536603395:2:tx 2: 111
> 1484479543227994:2:tx 2: 112
> 1484479547180956:2:tx 2: 113
> 1484479551696507:2:tx 2: 114
> 1484479555336849:2:tx 2: 115
> 1484479558391144:2:tx 2: 116
> 1484479561422127:2:tx 2: 117
> 1484479568062683:2:tx 2: 118
> 1484479568625047:2:tx 2: 119
> 1484479572169802:2:--- Network status ---
> 1484479572169842:2:-- Server IPv6 addresses:
> 1484479572169864:2:-- fd00::212:4b00:0:fe02
> 1484479572169881:2:-- fe80::212:4b00:0:fe02
> 1484479572169899:2:-- Default route:
> 1484479572169911:2:-- None
> 1484479572169919:2:-- Routing entries (1 in total):
> 1484479572169946:2:-- fd00::212:4b00:0:fe01 via fd00::212:4b00:0:fe01 (lifetime: 0 seconds)
> 1484479572170018:2:----------------------
> 1484479573562449:2:tx 2: 120
> 1484479575977285:2:
> 1484479575977314:2:LINK STATS to 1: 15 15 0
> 1484479576079694:2: 76826 P 0.18 9 1637788 527430 139494 1357084 36339410 167356 52060 16526 138598 3626206
> 1484479576079826:2:tx 0 0 0 0 0 0 0 0 0 0 0 0 0 0 0 0 0 0 0 0 0 0 0 0 0 0 0 0 0 0 0 0 0 0 0 0 0 0 0 0 0 0 0 0 0 0 0 0 0 0 0 0 0 0 0 0 0 0 0 0 0 0 0 0 0 0 0 0 0 0 0 0 0 0 0 0 0 0 0 0 0 0 0 0 0 0 0 0 0 0 0 0 0 0 0 0 0 0 0 0 0 0 0 0 0 0 0 0 0 0 0 0 0 0 0 0 0 0 0 0 0 0 0 0 0 0 0 0 
> 1484479576115775:2:rx 0 0 0 0 0 0 0 0 0 0 0 0 0 0 0 0 0 0 0 0 0 0 0 0 0 0 0 0 0 0 0 0 0 0 0 0 0 0 0 0 0 0 0 0 0 0 0 0 0 0 0 0 0 0 0 0 0 0 0 0 0 0 0 0 0 0 0 0 0 0 0 0 0 0 0 0 0 0 0 0 0 0 0 0 0 0 0 0 0 0 0 0 0 0 0 0 0 0 0 0 0 0 0 0 0 0 0 0 0 0 0 0 0 0 0 0 0 0 0 0 0 0 0 0 0 0 0 0 
> 1484479578421208:2:tx 2: 121
> 1484479584115997:2:tx 2: 122
> 1484479584289428:2:tx 2: 123
> 1484479590248753:2:tx 2: 124
> 1484479592490518:2:tx 2: 125
> 1484479598818496:2:tx 2: 126
> 1484479600990146:2:tx 2: 127
> 1484479606661846:2:tx 2: 128
> 1484479608317870:2:tx 2: 129
> 1484479614575407:2:tx 2: 130
> 1484479618981142:2:tx 2: 131
> 1484479621587018:2:tx 2: 132
> 1484479625941602:2:tx 2: 133
> 1484479631300985:2:tx 2: 134
> 1484479635973505:2:
> 1484479635973532:2:LINK STATS to 1: 14 14 0
> 1484479636076235:2: 84506 P 0.18 10 1803004 578936 154912 1493218 39970220 165216 51506 15418 136134 3630810
> 1484479636076371:2:tx 0 0 0 0 0 0 0 0 0 0 0 0 0 0 0 0 0 0 0 0 0 0 0 0 0 0 0 0 0 0 0 0 0 0 0 0 0 0 0 0 0 0 0 0 0 0 0 0 0 0 0 0 0 0 0 0 0 0 0 0 0 0 0 0 0 0 0 0 0 0 0 0 0 0 0 0 0 0 0 0 0 0 0 0 0 0 0 0 0 0 0 0 0 0 0 0 0 0 0 0 0 0 0 0 0 0 0 0 0 0 0 0 0 0 0 0 0 0 0 0 0 0 0 0 0 0 0 0 
> 1484479636112140:2:rx 0 0 0 0 0 0 0 0 0 0 0 0 0 0 0 0 0 0 0 0 0 0 0 0 0 0 0 0 0 0 0 0 0 0 0 0 0 0 0 0 0 0 0 0 0 0 0 0 0 0 0 0 0 0 0 0 0 0 0 0 0 0 0 0 0 0 0 0 0 0 0 0 0 0 0 0 0 0 0 0 0 0 0 0 0 0 0 0 0 0 0 0 0 0 0 0 0 0 0 0 0 0 0 0 0 0 0 0 0 0 0 0 0 0 0 0 0 0 0 0 0 0 0 0 0 0 0 0 
> 1484479636114158:2:tx 2: 135
> 1484479639073724:2:tx 2: 136
> 1484479640448813:2:tx 2: 137
> 1484479644378096:2:tx 2: 138
