connecting to /dev/ttyUSB3 (115200) [OK]
> 1484479038142712:4: 7706 P 0.18 0 153584 52338 0 113508 3678146 153584 52338 0 113508 3678146
> 1484479038142800:4:tx 0 0 0 0 0 0 0 0 0 0 0 0 0 0 0 0 0 0 0 0 0 0 0 0 0 0 0 0 0 0 0 0 0 0 0 0 0 0 0 0 0 0 0 0 0 0 0 0 0 0 0 0 0 0 0 0 0 0 0 0 0 0 0 0 0 0 0 0 0 0 0 0 0 0 0 0 0 0 0 0 0 0 0 0 0 0 0 0 0 0 0 0 0 0 0 0 0 0 0 0 0 0 0 0 0 0 0 0 0 0 0 0 0 0 0 0 0 0 0 0 0 0 0 0 0 0 0 0 
> 1484479038172876:4:rx 0 0 0 0 0 0 0 0 0 0 0 0 0 0 0 0 0 0 0 0 0 0 0 0 0 0 0 0 0 0 0 0 0 0 0 0 0 0 0 0 0 0 0 0 0 0 0 0 0 0 0 0 0 0 0 0 0 0 0 0 0 0 0 0 0 0 0 0 0 0 0 0 0 0 0 0 0 0 0 0 0 0 0 0 0 0 0 0 0 0 0 0 0 0 0 0 0 0 0 0 0 0 0 0 0 0 0 0 0 0 0 0 0 0 0 0 0 0 0 0 0 0 0 0 0 0 0 0 
> 1484479098139156:4: 15386 P 0.18 1 292224 96158 0 226630 7358546 138640 43820 0 113122 3680400
> 1484479098139254:4:tx 0 0 0 0 0 0 0 0 0 0 0 0 0 0 0 0 0 0 0 0 0 0 0 0 0 0 0 0 0 0 0 0 0 0 0 0 0 0 0 0 0 0 0 0 0 0 0 0 0 0 0 0 0 0 0 0 0 0 0 0 0 0 0 0 0 0 0 0 0 0 0 0 0 0 0 0 0 0 0 0 0 0 0 0 0 0 0 0 0 0 0 0 0 0 0 0 0 0 0 0 0 0 0 0 0 0 0 0 0 0 0 0 0 0 0 0 0 0 0 0 0 0 0 0 0 0 0 0 
> 1484479098169205:4:rx 0 0 0 0 0 0 0 0 0 0 0 0 0 0 0 0 0 0 0 0 0 0 0 0 0 0 0 0 0 0 0 0 0 0 0 0 0 0 0 0 0 0 0 0 0 0 0 0 0 0 0 0 0 0 0 0 0 0 0 0 0 0 0 0 0 0 0 0 0 0 0 0 0 0 0 0 0 0 0 0 0 0 0 0 0 0 0 0 0 0 0 0 0 0 0 0 0 0 0 0 0 0 0 0 0 0 0 0 0 0 0 0 0 0 0 0 0 0 0 0 0 0 0 0 0 0 0 0 
> 1484479101528698:4:tx 4: 1
> 1484479104591322:4:tx 4: 2
> 1484479109778227:4:tx 4: 3
> 1484479114012906:4:tx 4: 4
> 1484479114700237:4:tx 4: 5
> 1484479119973189:4:tx 4: 6
> 1484479125168237:4:tx 4: 7
> 1484479126902268:4:tx 4: 8
> 1484479130402062:4:tx 4: 9
> 1484479134714872:4:tx 4: 10
> 1484479139737952:4:tx 4: 11
> 1484479142425367:4:tx 4: 12
> 1484479148620545:4:tx 4: 13
> 1484479151854686:4:tx 4: 14
> 1484479155640094:4:tx 4: 15
> 1484479158027381:4:
> 1484479158027395:4:LINK STATS to 1: 15 15 0
> 1484479158130626:4: 23066 P 0.18 2 452570 152814 22464 373802 10982792 160346 56656 22464 147172 3624246
> 1484479158130670:4:tx 0 0 0 0 0 0 0 0 0 0 0 0 0 0 0 0 0 0 0 0 0 0 0 0 0 0 0 0 0 0 0 0 0 0 0 0 0 0 0 0 0 0 0 0 0 0 0 0 0 0 0 0 0 0 0 0 0 0 0 0 0 0 0 0 0 0 0 0 0 0 0 0 0 0 0 0 0 0 0 0 0 0 0 0 0 0 0 0 0 0 0 0 0 0 0 0 0 0 0 0 0 0 0 0 0 0 0 0 0 0 0 0 0 0 0 0 0 0 0 0 0 0 0 0 0 0 0 0 
> 1484479158166517:4:rx 0 0 0 0 0 0 0 0 0 0 0 0 0 0 0 0 0 0 0 0 0 0 0 0 0 0 0 0 0 0 0 0 0 0 0 0 0 0 0 0 0 0 0 0 0 0 0 0 0 0 0 0 0 0 0 0 0 0 0 0 0 0 0 0 0 0 0 0 0 0 0 0 0 0 0 0 0 0 0 0 0 0 0 0 0 0 0 0 0 0 0 0 0 0 0 0 0 0 0 0 0 0 0 0 0 0 0 0 0 0 0 0 0 0 0 0 0 0 0 0 0 0 0 0 0 0 0 0 
> 1484479159764775:4:tx 4: 16
> 1484479163127499:4:tx 4: 17
> 1484479168798988:4:tx 4: 18
> 1484479170939575:4:tx 4: 19
> 1484479176197237:4:tx 4: 20
> 1484479179110998:4:tx 4: 21
> 1484479184876581:4:tx 4: 22
> 1484479187251529:4:tx 4: 23
> 1484479192149078:4:tx 4: 24
> 1484479195282019:4:tx 4: 25
> 1484479199453624:4:tx 4: 26
> 1484479203883158:4:tx 4: 27
> 1484479207164132:4:tx 4: 28
> 1484479210288925:4:tx 4: 29
> 1484479217858963:4:tx 4: 30
> 1484479218024052:4:
> 1484479218024080:4:LINK STATS to 1: 15 15 0
> 1484479218126993:4: 30746 P 0.18 3 612692 203514 38982 512204 14616428 160122 50700 16518 138402 3633636
> 1484479218127050:4:tx 0 0 0 0 0 0 0 0 0 0 0 0 0 0 0 0 0 0 0 0 0 0 0 0 0 0 0 0 0 0 0 0 0 0 0 0 0 0 0 0 0 0 0 0 0 0 0 0 0 0 0 0 0 0 0 0 0 0 0 0 0 0 0 0 0 0 0 0 0 0 0 0 0 0 0 0 0 0 0 0 0 0 0 0 0 0 0 0 0 0 0 0 0 0 0 0 0 0 0 0 0 0 0 0 0 0 0 0 0 0 0 0 0 0 0 0 0 0 0 0 0 0 0 0 0 0 0 0 
> 1484479218162885:4:rx 0 0 0 0 0 0 0 0 0 0 0 0 0 0 0 0 0 0 0 0 0 0 0 0 0 0 0 0 0 0 0 0 0 0 0 0 0 0 0 0 0 0 0 0 0 0 0 0 0 0 0 0 0 0 0 0 0 0 0 0 0 0 0 0 0 0 0 0 0 0 0 0 0 0 0 0 0 0 0 0 0 0 0 0 0 0 0 0 0 0 0 0 0 0 0 0 0 0 0 0 0 0 0 0 0 0 0 0 0 0 0 0 0 0 0 0 0 0 0 0 0 0 0 0 0 0 0 0 
> 1484479219702324:4:tx 4: 31
> 1484479224132199:4:tx 4: 32
> 1484479226709819:4:tx 4: 33
> 1484479230983149:4:tx 4: 34
> 1484479235935760:4:tx 4: 35
> 1484479240615443:4:tx 4: 36
> 1484479243724885:4:tx 4: 37
> 1484479246544591:4:tx 4: 38
> 1484479251310066:4:tx 4: 39
> 1484479256028421:4:tx 4: 40
> 1484479262145035:4:tx 4: 41
> 1484479265106198:4:tx 4: 42
> 1484479268676057:4:tx 4: 43
> 1484479272449231:4:tx 4: 44
> 1484479277737735:4:tx 4: 45
> 1484479278020378:4:
> 1484479278020390:4:LINK STATS to 1: 15 15 0
> 1484479278122847:4: 38426 P 0.18 4 776380 254916 55716 646924 18250180 163688 51402 16734 134720 3633752
> 1484479278122901:4:tx 0 0 0 0 0 0 0 0 0 0 0 0 0 0 0 0 0 0 0 0 0 0 0 0 0 0 0 0 0 0 0 0 0 0 0 0 0 0 0 0 0 0 0 0 0 0 0 0 0 0 0 0 0 0 0 0 0 0 0 0 0 0 0 0 0 0 0 0 0 0 0 0 0 0 0 0 0 0 0 0 0 0 0 0 0 0 0 0 0 0 0 0 0 0 0 0 0 0 0 0 0 0 0 0 0 0 0 0 0 0 0 0 0 0 0 0 0 0 0 0 0 0 0 0 0 0 0 0 
> 1484479278159725:4:rx 0 0 0 0 0 0 0 0 0 0 0 0 0 0 0 0 0 0 0 0 0 0 0 0 0 0 0 0 0 0 0 0 0 0 0 0 0 0 0 0 0 0 0 0 0 0 0 0 0 0 0 0 0 0 0 0 0 0 0 0 0 0 0 0 0 0 0 0 0 0 0 0 0 0 0 0 0 0 0 0 0 0 0 0 0 0 0 0 0 0 0 0 0 0 0 0 0 0 0 0 0 0 0 0 0 0 0 0 0 0 0 0 0 0 0 0 0 0 0 0 0 0 0 0 0 0 0 0 
> 1484479281503542:4:tx 4: 46
> 1484479283167078:4:tx 4: 47
> 1484479287588756:4:tx 4: 48
> 1484479290507132:4:tx 4: 49
> 1484479297775471:4:tx 4: 50
> 1484479301908218:4:tx 4: 51
> 1484479305822014:4:tx 4: 52
> 1484479309095456:4:tx 4: 53
> 1484479312610505:4:tx 4: 54
> 1484479316727403:4:tx 4: 55
> 1484479319430515:4:tx 4: 56
> 1484479324297243:4:tx 4: 57
> 1484479329086121:4:tx 4: 58
> 1484479333390184:4:tx 4: 59
> 1484479334185260:4:--- Network status ---
> 1484479334185311:4:-- Server IPv6 addresses:
> 1484479334185344:4:-- fd00::212:4b00:0:fe04
> 1484479334185367:4:-- fe80::212:4b00:0:fe04
> 1484479334185393:4:-- Default route:
> 1484479334185410:4:-- None
> 1484479334185423:4:-- Routing entries (1 in total):
> 1484479334185452:4:-- fd00::212:4b00:0:fe01 via fd00::212:4b00:0:fe01 (lifetime: 0 seconds)
> 1484479334185522:4:----------------------
> 1484479336944835:4:tx 4: 60
> 1484479338016633:4:
> 1484479338016662:4:LINK STATS to 1: 15 15 0
> 1484479338119716:4: 46106 P 0.18 5 938644 306136 72690 782034 21884966 162264 51220 16974 135110 3634786
> 1484479338119863:4:tx 0 0 0 0 0 0 0 0 0 0 0 0 0 0 0 0 0 0 0 0 0 0 0 0 0 0 0 0 0 0 0 0 0 0 0 0 0 0 0 0 0 0 0 0 0 0 0 0 0 0 0 0 0 0 0 0 0 0 0 0 0 0 0 0 0 0 0 0 0 0 0 0 0 0 0 0 0 0 0 0 0 0 0 0 0 0 0 0 0 0 0 0 0 0 0 0 0 0 0 0 0 0 0 0 0 0 0 0 0 0 0 0 0 0 0 0 0 0 0 0 0 0 0 0 0 0 0 0 
> 1484479338155597:4:rx 0 0 0 0 0 0 0 0 0 0 0 0 0 0 0 0 0 0 0 0 0 0 0 0 0 0 0 0 0 0 0 0 0 0 0 0 0 0 0 0 0 0 0 0 0 0 0 0 0 0 0 0 0 0 0 0 0 0 0 0 0 0 0 0 0 0 0 0 0 0 0 0 0 0 0 0 0 0 0 0 0 0 0 0 0 0 0 0 0 0 0 0 0 0 0 0 0 0 0 0 0 0 0 0 0 0 0 0 0 0 0 0 0 0 0 0 0 0 0 0 0 0 0 0 0 0 0 0 
> 1484479341749392:4:tx 4: 61
> 1484479345147142:4:tx 4: 62
> 1484479348999073:4:tx 4: 63
> 1484479353021958:4:tx 4: 64
> 1484479358076588:4:tx 4: 65
> 1484479360127565:4:tx 4: 66
> 1484479366002344:4:tx 4: 67
> 1484479369333498:4:tx 4: 68
> 1484479373482046:4:tx 4: 69
> 1484479375262601:4:tx 4: 70
> 1484479379536038:4:tx 4: 71
> 1484479384980779:4:tx 4: 72
> 1484479389902513:4:tx 4: 73
> 1484479393847750:4:tx 4: 74
> 1484479397605261:4:tx 4: 75
> 1484479398012981:4:
> 1484479398013027:4:LINK STATS to 1: 16 15 0
> 1484479398115350:4: 53786 P 0.18 6 1103088 357576 90970 919062 25515654 164444 51440 18280 137028 3630688
> 1484479398115472:4:tx 0 0 0 0 0 0 0 0 0 0 0 0 0 0 0 0 0 0 0 0 0 0 0 0 0 0 0 0 0 0 0 0 0 0 0 0 0 0 0 0 0 0 0 0 0 0 0 0 0 0 0 0 0 0 0 0 0 0 0 0 0 0 0 0 0 0 0 0 0 0 0 0 0 0 0 0 0 0 0 0 0 0 0 0 0 0 0 0 0 0 0 0 0 0 0 0 0 0 0 0 0 0 0 0 0 0 0 0 0 0 0 0 0 0 0 0 0 0 0 0 0 0 0 0 0 0 0 0 
> 1484479398151422:4:rx 0 0 0 0 0 0 0 0 0 0 0 0 0 0 0 0 0 0 0 0 0 0 0 0 0 0 0 0 0 0 0 0 0 0 0 0 0 0 0 0 0 0 0 0 0 0 0 0 0 0 0 0 0 0 0 0 0 0 0 0 0 0 0 0 0 0 0 0 0 0 0 0 0 0 0 0 0 0 0 0 0 0 0 0 0 0 0 0 0 0 0 0 0 0 0 0 0 0 0 0 0 0 0 0 0 0 0 0 0 0 0 0 0 0 0 0 0 0 0 0 0 0 0 0 0 0 0 0 
> 1484479400624955:4:tx 4: 76
> 1484479402690718:4:tx 4: 77
> 1484479409604666:4:tx 4: 78
> 1484479414065386:4:tx 4: 79
> 1484479417815144:4:tx 4: 80
> 1484479419924130:4:tx 4: 81
> 1484479422986726:4:tx 4: 82
> 1484479430118891:4:tx 4: 83
> 1484479431548258:4:tx 4: 84
> 1484479437141901:4:tx 4: 85
> 1484479442149515:4:tx 4: 86
> 1484479442789872:4:tx 4: 87
> 1484479448312972:4:tx 4: 88
> 1484479453672088:4:tx 4: 89
> 1484479454609836:4:tx 4: 90
> 1484479458009119:4:
> 1484479458009141:4:LINK STATS to 1: 16 15 0
> 1484479458111431:4: 61466 P 0.18 7 1269134 411062 109470 1053912 29146918 166046 53486 18500 134850 3631264
> 1484479458111563:4:tx 0 0 0 0 0 0 0 0 0 0 0 0 0 0 0 0 0 0 0 0 0 0 0 0 0 0 0 0 0 0 0 0 0 0 0 0 0 0 0 0 0 0 0 0 0 0 0 0 0 0 0 0 0 0 0 0 0 0 0 0 0 0 0 0 0 0 0 0 0 0 0 0 0 0 0 0 0 0 0 0 0 0 0 0 0 0 0 0 0 0 0 0 0 0 0 0 0 0 0 0 0 0 0 0 0 0 0 0 0 0 0 0 0 0 0 0 0 0 0 0 0 0 0 0 0 0 0 0 
> 1484479458148455:4:rx 0 0 0 0 0 0 0 0 0 0 0 0 0 0 0 0 0 0 0 0 0 0 0 0 0 0 0 0 0 0 0 0 0 0 0 0 0 0 0 0 0 0 0 0 0 0 0 0 0 0 0 0 0 0 0 0 0 0 0 0 0 0 0 0 0 0 0 0 0 0 0 0 0 0 0 0 0 0 0 0 0 0 0 0 0 0 0 0 0 0 0 0 0 0 0 0 0 0 0 0 0 0 0 0 0 0 0 0 0 0 0 0 0 0 0 0 0 0 0 0 0 0 0 0 0 0 0 0 
> 1484479459187586:4:tx 4: 91
> 1484479463179531:4:tx 4: 92
> 1484479466679151:4:tx 4: 93
> 1484479470514734:4:tx 4: 94
> 1484479476370311:4:tx 4: 95
> 1484479480037611:4:tx 4: 96
> 1484479485303035:4:tx 4: 97
> 1484479490021228:4:tx 4: 98
> 1484479491716843:4:tx 4: 99
> 1484479495990120:4:tx 4: 100
> 1484479499887927:4:tx 4: 101
> 1484479503677133:4:tx 4: 102
> 1484479508645408:4:tx 4: 103
> 1484479512278054:4:tx 4: 104
> 1484479515527809:4:tx 4: 105
> 1484479518005199:4:
> 1484479518005239:4:LINK STATS to 1: 15 15 0
> 1484479518108420:4: 69146 P 0.18 8 1431154 462626 126436 1184964 32786006 162020 51564 16966 131052 3639088
> 1484479518108562:4:tx 0 0 0 0 0 0 0 0 0 0 0 0 0 0 0 0 0 0 0 0 0 0 0 0 0 0 0 0 0 0 0 0 0 0 0 0 0 0 0 0 0 0 0 0 0 0 0 0 0 0 0 0 0 0 0 0 0 0 0 0 0 0 0 0 0 0 0 0 0 0 0 0 0 0 0 0 0 0 0 0 0 0 0 0 0 0 0 0 0 0 0 0 0 0 0 0 0 0 0 0 0 0 0 0 0 0 0 0 0 0 0 0 0 0 0 0 0 0 0 0 0 0 0 0 0 0 0 0 
> 1484479518144556:4:rx 0 0 0 0 0 0 0 0 0 0 0 0 0 0 0 0 0 0 0 0 0 0 0 0 0 0 0 0 0 0 0 0 0 0 0 0 0 0 0 0 0 0 0 0 0 0 0 0 0 0 0 0 0 0 0 0 0 0 0 0 0 0 0 0 0 0 0 0 0 0 0 0 0 0 0 0 0 0 0 0 0 0 0 0 0 0 0 0 0 0 0 0 0 0 0 0 0 0 0 0 0 0 0 0 0 0 0 0 0 0 0 0 0 0 0 0 0 0 0 0 0 0 0 0 0 0 0 0 
> 1484479520551113:4:tx 4: 106
> 1484479524761377:4:tx 4: 107
> 1484479527117272:4:tx 4: 108
> 1484479532127820:4:tx 4: 109
> 1484479535456208:4:tx 4: 110
> 1484479540682273:4:tx 4: 111
> 1484479544517728:4:tx 4: 112
> 1484479546365820:4:tx 4: 113
> 1484479551384271:4:tx 4: 114
> 1484479556016973:4:tx 4: 115
> 1484479560345196:4:tx 4: 116
> 1484479565946308:4:tx 4: 117
> 1484479569445674:4:tx 4: 118
> 1484479572289267:4:tx 4: 119
> 1484479574169984:4:--- Network status ---
> 1484479574170028:4:-- Server IPv6 addresses:
> 1484479574170062:4:-- fd00::212:4b00:0:fe04
> 1484479574170086:4:-- fe80::212:4b00:0:fe04
> 1484479574170115:4:-- Default route:
> 1484479574170133:4:-- None
> 1484479574170149:4:-- Routing entries (1 in total):
> 1484479574170180:4:-- fd00::212:4b00:0:fe01 via fd00::212:4b00:0:fe01 (lifetime: 0 seconds)
> 1484479574170321:4:----------------------
> 1484479577836173:4:tx 4: 120
> 1484479578001018:4:
> 1484479578001043:4:LINK STATS to 1: 15 15 0
> 1484479578103849:4: 76826 P 0.18 9 1594296 513356 142958 1318328 36421660 163142 50730 16522 133364 3635654
> 1484479578103942:4:tx 0 0 0 0 0 0 0 0 0 0 0 0 0 0 0 0 0 0 0 0 0 0 0 0 0 0 0 0 0 0 0 0 0 0 0 0 0 0 0 0 0 0 0 0 0 0 0 0 0 0 0 0 0 0 0 0 0 0 0 0 0 0 0 0 0 0 0 0 0 0 0 0 0 0 0 0 0 0 0 0 0 0 0 0 0 0 0 0 0 0 0 0 0 0 0 0 0 0 0 0 0 0 0 0 0 0 0 0 0 0 0 0 0 0 0 0 0 0 0 0 0 0 0 0 0 0 0 0 
> 1484479578139601:4:rx 0 0 0 0 0 0 0 0 0 0 0 0 0 0 0 0 0 0 0 0 0 0 0 0 0 0 0 0 0 0 0 0 0 0 0 0 0 0 0 0 0 0 0 0 0 0 0 0 0 0 0 0 0 0 0 0 0 0 0 0 0 0 0 0 0 0 0 0 0 0 0 0 0 0 0 0 0 0 0 0 0 0 0 0 0 0 0 0 0 0 0 0 0 0 0 0 0 0 0 0 0 0 0 0 0 0 0 0 0 0 0 0 0 0 0 0 0 0 0 0 0 0 0 0 0 0 0 0 
> 1484479578796763:4:tx 4: 121
> 1484479585538468:4:tx 4: 122
> 1484479588389824:4:tx 4: 123
> 1484479593850431:4:tx 4: 124
> 1484479595834742:4:tx 4: 125
> 1484479598443873:4:tx 4: 126
> 1484479604826474:4:tx 4: 127
> 1484479607302555:4:tx 4: 128
> 1484479611693084:4:tx 4: 129
> 1484479616708171:4:tx 4: 130
> 1484479618841152:4:tx 4: 131
> 1484479623903116:4:tx 4: 132
> 1484479629699697:4:tx 4: 133
> 1484479633972684:4:tx 4: 134
> 1484479635105636:4:tx 4: 135
> 1484479637997119:4:
> 1484479637997155:4:LINK STATS to 1: 15 15 0
> 1484479638099353:4: 84506 P 0.18 10 1756112 564058 159264 1454266 40056066 161816 50702 16306 135938 3634406
> 1484479638099502:4:tx 0 0 0 0 0 0 0 0 0 0 0 0 0 0 0 0 0 0 0 0 0 0 0 0 0 0 0 0 0 0 0 0 0 0 0 0 0 0 0 0 0 0 0 0 0 0 0 0 0 0 0 0 0 0 0 0 0 0 0 0 0 0 0 0 0 0 0 0 0 0 0 0 0 0 0 0 0 0 0 0 0 0 0 0 0 0 0 0 0 0 0 0 0 0 0 0 0 0 0 0 0 0 0 0 0 0 0 0 0 0 0 0 0 0 0 0 0 0 0 0 0 0 0 0 0 0 0 0 
> 1484479638136452:4:rx 0 0 0 0 0 0 0 0 0 0 0 0 0 0 0 0 0 0 0 0 0 0 0 0 0 0 0 0 0 0 0 0 0 0 0 0 0 0 0 0 0 0 0 0 0 0 0 0 0 0 0 0 0 0 0 0 0 0 0 0 0 0 0 0 0 0 0 0 0 0 0 0 0 0 0 0 0 0 0 0 0 0 0 0 0 0 0 0 0 0 0 0 0 0 0 0 0 0 0 0 0 0 0 0 0 0 0 0 0 0 0 0 0 0 0 0 0 0 0 0 0 0 0 0 0 0 0 0 
> 1484479641261261:4:tx 4: 136
> 1484479642940713:4:tx 4: 137
> 1484479647440643:4:tx 4: 138
