connecting to /dev/ttyUSB2 (115200) [OK]
> 1484479037159775:3: 7706 P 0.18 0 153620 52304 0 113512 3678112 153620 52304 0 113512 3678112
> 1484479037160063:3:tx 0 0 0 0 0 0 0 0 0 0 0 0 0 0 0 0 0 0 0 0 0 0 0 0 0 0 0 0 0 0 0 0 0 0 0 0 0 0 0 0 0 0 0 0 0 0 0 0 0 0 0 0 0 0 0 0 0 0 0 0 0 0 0 0 0 0 0 0 0 0 0 0 0 0 0 0 0 0 0 0 0 0 0 0 0 0 0 0 0 0 0 0 0 0 0 0 0 0 0 0 0 0 0 0 0 0 0 0 0 0 0 0 0 0 0 0 0 0 0 0 0 0 0 0 0 0 0 0 
> 1484479037189803:3:rx 0 0 0 0 0 0 0 0 0 0 0 0 0 0 0 0 0 0 0 0 0 0 0 0 0 0 0 0 0 0 0 0 0 0 0 0 0 0 0 0 0 0 0 0 0 0 0 0 0 0 0 0 0 0 0 0 0 0 0 0 0 0 0 0 0 0 0 0 0 0 0 0 0 0 0 0 0 0 0 0 0 0 0 0 0 0 0 0 0 0 0 0 0 0 0 0 0 0 0 0 0 0 0 0 0 0 0 0 0 0 0 0 0 0 0 0 0 0 0 0 0 0 0 0 0 0 0 0 
> 1484479097157188:3: 15386 P 0.18 1 292370 96098 0 226150 7358886 138750 43794 0 112638 3680774
> 1484479097157271:3:tx 0 0 0 0 0 0 0 0 0 0 0 0 0 0 0 0 0 0 0 0 0 0 0 0 0 0 0 0 0 0 0 0 0 0 0 0 0 0 0 0 0 0 0 0 0 0 0 0 0 0 0 0 0 0 0 0 0 0 0 0 0 0 0 0 0 0 0 0 0 0 0 0 0 0 0 0 0 0 0 0 0 0 0 0 0 0 0 0 0 0 0 0 0 0 0 0 0 0 0 0 0 0 0 0 0 0 0 0 0 0 0 0 0 0 0 0 0 0 0 0 0 0 0 0 0 0 0 0 
> 1484479097187218:3:rx 0 0 0 0 0 0 0 0 0 0 0 0 0 0 0 0 0 0 0 0 0 0 0 0 0 0 0 0 0 0 0 0 0 0 0 0 0 0 0 0 0 0 0 0 0 0 0 0 0 0 0 0 0 0 0 0 0 0 0 0 0 0 0 0 0 0 0 0 0 0 0 0 0 0 0 0 0 0 0 0 0 0 0 0 0 0 0 0 0 0 0 0 0 0 0 0 0 0 0 0 0 0 0 0 0 0 0 0 0 0 0 0 0 0 0 0 0 0 0 0 0 0 0 0 0 0 0 0 
> 1484479098453082:3:tx 3: 1
> 1484479104632363:3:tx 3: 2
> 1484479105741801:3:tx 3: 3
> 1484479111303525:3:tx 3: 4
> 1484479113710003:3:tx 3: 5
> 1484479118272514:3:tx 3: 6
> 1484479122248777:3:tx 3: 7
> 1484479128726120:3:tx 3: 8
> 1484479130709146:3:tx 3: 9
> 1484479133396831:3:tx 3: 10
> 1484479139889225:3:tx 3: 11
> 1484479143490199:3:tx 3: 12
> 1484479148614778:3:tx 3: 13
> 1484479150599225:3:tx 3: 14
> 1484479155106910:3:tx 3: 15
> 1484479157045412:3:
> 1484479157045429:3:LINK STATS to 1: 15 15 0
> 1484479157147695:3: 23066 P 0.18 2 454902 173146 19380 391588 10962672 162532 77048 19380 165438 3603786
> 1484479157147753:3:tx 0 0 0 0 0 0 0 0 0 0 0 0 0 0 0 0 0 0 0 0 0 0 0 0 0 0 0 0 0 0 0 0 0 0 0 0 0 0 0 0 0 0 0 0 0 0 0 0 0 0 0 0 0 0 0 0 0 0 0 0 0 0 0 0 0 0 0 0 0 0 0 0 0 0 0 0 0 0 0 0 0 0 0 0 0 0 0 0 0 0 0 0 0 0 0 0 0 0 0 0 0 0 0 0 0 0 0 0 0 0 0 0 0 0 0 0 0 0 0 0 0 0 0 0 0 0 0 0 
> 1484479157184568:3:rx 0 0 0 0 0 0 0 0 0 0 0 0 0 0 0 0 0 0 0 0 0 0 0 0 0 0 0 0 0 0 0 0 0 0 0 0 0 0 0 0 0 0 0 0 0 0 0 0 0 0 0 0 0 0 0 0 0 0 0 0 0 0 0 0 0 0 0 0 0 0 0 0 0 0 0 0 0 0 0 0 0 0 0 0 0 0 0 0 0 0 0 0 0 0 0 0 0 0 0 0 0 0 0 0 0 0 0 0 0 0 0 0 0 0 0 0 0 0 0 0 0 0 0 0 0 0 0 0 
> 1484479158525882:3:tx 3: 16
> 1484479162157493:3:tx 3: 17
> 1484479167657227:3:tx 3: 18
> 1484479171012225:3:tx 3: 19
> 1484479174042876:3:tx 3: 20
> 1484479180417797:3:tx 3: 21
> 1484479183519635:3:tx 3: 22
> 1484479188425386:3:tx 3: 23
> 1484479191253212:3:tx 3: 24
> 1484479193479851:3:tx 3: 25
> 1484479198768645:3:tx 3: 26
> 1484479202768638:3:tx 3: 27
> 1484479206768343:3:tx 3: 28
> 1484479212838414:3:tx 3: 29
> 1484479217025766:3:tx 3: 30
> 1484479217042179:3:
> 1484479217042202:3:LINK STATS to 1: 15 14 0
> 1484479217189956:3: 30751 P 0.18 3 622512 267806 38760 570160 14551384 167610 94660 19380 178572 3588712
> 1484479217190073:3:tx 0 0 0 0 0 0 0 0 0 0 0 0 0 0 0 0 0 0 0 0 0 0 0 0 0 0 0 0 0 0 0 0 0 0 0 0 0 0 0 0 0 0 0 0 0 0 0 0 0 0 0 0 0 0 0 0 0 0 0 0 0 0 0 0 0 0 0 0 0 0 0 0 0 0 0 0 0 0 0 0 0 0 0 0 0 0 0 0 0 0 0 0 0 0 0 0 0 0 0 0 0 0 0 0 0 0 0 0 0 0 0 0 0 0 0 0 0 0 0 0 0 0 0 0 0 0 0 0 
> 1484479217210938:3:rx 0 0 0 0 0 0 0 0 0 0 0 0 0 0 0 0 0 0 0 0 0 0 0 0 0 0 0 0 0 0 0 0 0 0 0 0 0 0 0 0 0 0 0 0 0 0 0 0 0 0 0 0 0 0 0 0 0 0 0 0 0 0 0 0 0 0 0 0 0 0 0 0 0 0 0 0 0 0 0 0 0 0 0 0 0 0 0 0 0 0 0 0 0 0 0 0 0 0 0 0 0 0 0 0 0 0 0 0 0 0 0 0 0 0 0 0 0 0 0 0 0 0 0 0 0 0 0 0 
> 1484479219970817:3:tx 3: 31
> 1484479223154380:3:tx 3: 32
> 1484479226204580:3:tx 3: 33
> 1484479232633699:3:tx 3: 34
> 1484479234024886:3:tx 3: 35
> 1484479238454025:3:tx 3: 36
> 1484479243501005:3:tx 3: 37
> 1484479246028395:3:tx 3: 38
> 1484479252078206:3:tx 3: 39
> 1484479254383026:3:tx 3: 40
> 1484479260777620:3:tx 3: 41
> 1484479262233855:3:tx 3: 42
> 1484479267507220:3:tx 3: 43
> 1484479271498829:3:tx 3: 44
> 1484479273592706:3:tx 3: 45
> 1484479277038818:3:
> 1484479277038835:3:LINK STATS to 1: 16 16 0
> 1484479277141847:3: 38426 P 0.18 4 787356 345662 55288 730248 18155878 164844 77856 16528 160088 3604494
> 1484479277141898:3:tx 0 0 0 0 0 0 0 0 0 0 0 0 0 0 0 0 0 0 0 0 0 0 0 0 0 0 0 0 0 0 0 0 0 0 0 0 0 0 0 0 0 0 0 0 0 0 0 0 0 0 0 0 0 0 0 0 0 0 0 0 0 0 0 0 0 0 0 0 0 0 0 0 0 0 0 0 0 0 0 0 0 0 0 0 0 0 0 0 0 0 0 0 0 0 0 0 0 0 0 0 0 0 0 0 0 0 0 0 0 0 0 0 0 0 0 0 0 0 0 0 0 0 0 0 0 0 0 0 
> 1484479277177955:3:rx 0 0 0 0 0 0 0 0 0 0 0 0 0 0 0 0 0 0 0 0 0 0 0 0 0 0 0 0 0 0 0 0 0 0 0 0 0 0 0 0 0 0 0 0 0 0 0 0 0 0 0 0 0 0 0 0 0 0 0 0 0 0 0 0 0 0 0 0 0 0 0 0 0 0 0 0 0 0 0 0 0 0 0 0 0 0 0 0 0 0 0 0 0 0 0 0 0 0 0 0 0 0 0 0 0 0 0 0 0 0 0 0 0 0 0 0 0 0 0 0 0 0 0 0 0 0 0 0 
> 1484479280927848:3:tx 3: 46
> 1484479284623132:3:tx 3: 47
> 1484479287849769:3:tx 3: 48
> 1484479293150227:3:tx 3: 49
> 1484479296122659:3:tx 3: 50
> 1484479297935919:3:tx 3: 51
> 1484479304551467:3:tx 3: 52
> 1484479308949723:3:tx 3: 53
> 1484479311449556:3:tx 3: 54
> 1484479314699204:3:tx 3: 55
> 1484479320089930:3:tx 3: 56
> 1484479323667585:3:tx 3: 57
> 1484479327394393:3:tx 3: 58
> 1484479330417045:3:tx 3: 59
> 1484479333243421:3:--- Network status ---
> 1484479333243480:3:-- Server IPv6 addresses:
> 1484479333243526:3:-- fd00::212:4b00:0:fe03
> 1484479333243560:3:-- fe80::212:4b00:0:fe03
> 1484479333243601:3:-- Default route:
> 1484479333243627:3:-- None
> 1484479333243649:3:-- Routing entries (1 in total):
> 1484479333243692:3:-- fd00::212:4b00:0:fe01 via fd00::212:4b00:0:fe01 (lifetime: 0 seconds)
> 1484479333243796:3:----------------------
> 1484479335565289:3:tx 3: 60
> 1484479337035914:3:
> 1484479337035936:3:LINK STATS to 1: 15 15 0
> 1484479337137471:3: 46106 P 0.18 5 952108 423170 71592 881172 21772362 164752 77508 16304 150924 3616484
> 1484479337137598:3:tx 0 0 0 0 0 0 0 0 0 0 0 0 0 0 0 0 0 0 0 0 0 0 0 0 0 0 0 0 0 0 0 0 0 0 0 0 0 0 0 0 0 0 0 0 0 0 0 0 0 0 0 0 0 0 0 0 0 0 0 0 0 0 0 0 0 0 0 0 0 0 0 0 0 0 0 0 0 0 0 0 0 0 0 0 0 0 0 0 0 0 0 0 0 0 0 0 0 0 0 0 0 0 0 0 0 0 0 0 0 0 0 0 0 0 0 0 0 0 0 0 0 0 0 0 0 0 0 0 
> 1484479337174716:3:rx 0 0 0 0 0 0 0 0 0 0 0 0 0 0 0 0 0 0 0 0 0 0 0 0 0 0 0 0 0 0 0 0 0 0 0 0 0 0 0 0 0 0 0 0 0 0 0 0 0 0 0 0 0 0 0 0 0 0 0 0 0 0 0 0 0 0 0 0 0 0 0 0 0 0 0 0 0 0 0 0 0 0 0 0 0 0 0 0 0 0 0 0 0 0 0 0 0 0 0 0 0 0 0 0 0 0 0 0 0 0 0 0 0 0 0 0 0 0 0 0 0 0 0 0 0 0 0 0 
> 1484479340994998:3:tx 3: 61
> 1484479341854081:3:tx 3: 62
> 1484479347135041:3:tx 3: 63
> 1484479351837901:3:tx 3: 64
> 1484479356479551:3:tx 3: 65
> 1484479359977959:3:tx 3: 66
> 1484479361790017:3:tx 3: 67
> 1484479367259111:3:tx 3: 68
> 1484479371110414:3:tx 3: 69
> 1484479375235160:3:tx 3: 70
> 1484479378539381:3:tx 3: 71
> 1484479384163870:3:tx 3: 72
> 1484479387304485:3:tx 3: 73
> 1484479390142516:3:tx 3: 74
> 1484479394171268:3:tx 3: 75
> 1484479397031678:3:
> 1484479397031692:3:LINK STATS to 1: 17 15 0
> 1484479397134542:3: 53786 P 0.18 6 1118668 502586 91634 1041956 25377178 166560 79416 20042 160784 3604816
> 1484479397134629:3:tx 0 0 0 0 0 0 0 0 0 0 0 0 0 0 0 0 0 0 0 0 0 0 0 0 0 0 0 0 0 0 0 0 0 0 0 0 0 0 0 0 0 0 0 0 0 0 0 0 0 0 0 0 0 0 0 0 0 0 0 0 0 0 0 0 0 0 0 0 0 0 0 0 0 0 0 0 0 0 0 0 0 0 0 0 0 0 0 0 0 0 0 0 0 0 0 0 0 0 0 0 0 0 0 0 0 0 0 0 0 0 0 0 0 0 0 0 0 0 0 0 0 0 0 0 0 0 0 0 
> 1484479397170456:3:rx 0 0 0 0 0 0 0 0 0 0 0 0 0 0 0 0 0 0 0 0 0 0 0 0 0 0 0 0 0 0 0 0 0 0 0 0 0 0 0 0 0 0 0 0 0 0 0 0 0 0 0 0 0 0 0 0 0 0 0 0 0 0 0 0 0 0 0 0 0 0 0 0 0 0 0 0 0 0 0 0 0 0 0 0 0 0 0 0 0 0 0 0 0 0 0 0 0 0 0 0 0 0 0 0 0 0 0 0 0 0 0 0 0 0 0 0 0 0 0 0 0 0 0 0 0 0 0 0 
> 1484479397394016:3:tx 3: 76
> 1484479401654862:3:tx 3: 77
> 1484479405920439:3:tx 3: 78
> 1484479410717159:3:tx 3: 79
> 1484479417130912:3:tx 3: 80
> 1484479419193239:3:tx 3: 81
> 1484479424333855:3:tx 3: 82
> 1484479429044133:3:tx 3: 83
> 1484479429723880:3:tx 3: 84
> 1484479436989319:3:tx 3: 85
> 1484479439121829:3:tx 3: 86
> 1484479441324806:3:tx 3: 87
> 1484479448902142:3:tx 3: 88
> 1484479453191411:3:tx 3: 89
> 1484479453692026:3:tx 3: 90
> 1484479457028459:3:
> 1484479457028500:3:LINK STATS to 1: 15 15 0
> 1484479457130510:3: 61466 P 0.18 7 1283096 582546 108156 1207706 28979160 164428 79960 16522 165750 3601982
> 1484479457130654:3:tx 0 0 0 0 0 0 0 0 0 0 0 0 0 0 0 0 0 0 0 0 0 0 0 0 0 0 0 0 0 0 0 0 0 0 0 0 0 0 0 0 0 0 0 0 0 0 0 0 0 0 0 0 0 0 0 0 0 0 0 0 0 0 0 0 0 0 0 0 0 0 0 0 0 0 0 0 0 0 0 0 0 0 0 0 0 0 0 0 0 0 0 0 0 0 0 0 0 0 0 0 0 0 0 0 0 0 0 0 0 0 0 0 0 0 0 0 0 0 0 0 0 0 0 0 0 0 0 0 
> 1484479457167539:3:rx 0 0 0 0 0 0 0 0 0 0 0 0 0 0 0 0 0 0 0 0 0 0 0 0 0 0 0 0 0 0 0 0 0 0 0 0 0 0 0 0 0 0 0 0 0 0 0 0 0 0 0 0 0 0 0 0 0 0 0 0 0 0 0 0 0 0 0 0 0 0 0 0 0 0 0 0 0 0 0 0 0 0 0 0 0 0 0 0 0 0 0 0 0 0 0 0 0 0 0 0 0 0 0 0 0 0 0 0 0 0 0 0 0 0 0 0 0 0 0 0 0 0 0 0 0 0 0 0 
> 1484479457714859:3:tx 3: 91
> 1484479462550340:3:tx 3: 92
> 1484479467776141:3:tx 3: 93
> 1484479472515053:3:tx 3: 94
> 1484479474948038:3:tx 3: 95
> 1484479480088180:3:tx 3: 96
> 1484479484830107:3:tx 3: 97
> 1484479486994399:3:tx 3: 98
> 1484479489884676:3:tx 3: 99
> 1484479496212607:3:tx 3: 100
> 1484479498884499:3:tx 3: 101
> 1484479503047990:3:tx 3: 102
> 1484479509032128:3:tx 3: 103
> 1484479513000657:3:tx 3: 104
> 1484479515445844:3:tx 3: 105
> 1484479517024715:3:
> 1484479517024750:3:LINK STATS to 1: 15 15 0
> 1484479517127294:3: 69146 P 0.18 8 1448168 651928 124680 1351018 32602936 165072 69382 16524 143312 3623776
> 1484479517127423:3:tx 0 0 0 0 0 0 0 0 0 0 0 0 0 0 0 0 0 0 0 0 0 0 0 0 0 0 0 0 0 0 0 0 0 0 0 0 0 0 0 0 0 0 0 0 0 0 0 0 0 0 0 0 0 0 0 0 0 0 0 0 0 0 0 0 0 0 0 0 0 0 0 0 0 0 0 0 0 0 0 0 0 0 0 0 0 0 0 0 0 0 0 0 0 0 0 0 0 0 0 0 0 0 0 0 0 0 0 0 0 0 0 0 0 0 0 0 0 0 0 0 0 0 0 0 0 0 0 0 
> 1484479517164364:3:rx 0 0 0 0 0 0 0 0 0 0 0 0 0 0 0 0 0 0 0 0 0 0 0 0 0 0 0 0 0 0 0 0 0 0 0 0 0 0 0 0 0 0 0 0 0 0 0 0 0 0 0 0 0 0 0 0 0 0 0 0 0 0 0 0 0 0 0 0 0 0 0 0 0 0 0 0 0 0 0 0 0 0 0 0 0 0 0 0 0 0 0 0 0 0 0 0 0 0 0 0 0 0 0 0 0 0 0 0 0 0 0 0 0 0 0 0 0 0 0 0 0 0 0 0 0 0 0 0 
> 1484479518262359:3:tx 3: 106
> 1484479522452007:3:tx 3: 107
> 1484479527710437:3:tx 3: 108
> 1484479529577495:3:tx 3: 109
> 1484479534819351:3:tx 3: 110
> 1484479539084882:3:tx 3: 111
> 1484479541358239:3:tx 3: 112
> 1484479548052871:3:tx 3: 113
> 1484479550778823:3:tx 3: 114
> 1484479556614883:3:tx 3: 115
> 1484479559966034:3:tx 3: 116
> 1484479564809404:3:tx 3: 117
> 1484479568020110:3:tx 3: 118
> 1484479570449931:3:tx 3: 119
> 1484479573229132:3:--- Network status ---
> 1484479573229184:3:-- Server IPv6 addresses:
> 1484479573229197:3:-- fd00::212:4b00:0:fe03
> 1484479573229207:3:-- fe80::212:4b00:0:fe03
> 1484479573229219:3:-- Default route:
> 1484479573229227:3:-- None
> 1484479573229233:3:-- Routing entries (1 in total):
> 1484479573229258:3:-- fd00::212:4b00:0:fe01 via fd00::212:4b00:0:fe01 (lifetime: 0 seconds)
> 1484479573229291:3:----------------------
> 1484479577021115:3:
> 1484479577021156:3:LINK STATS to 1: 14 14 0
> 1484479577123725:3: 76826 P 0.18 9 1609662 721406 139884 1501452 36223168 161494 69478 15204 150434 3620232
> 1484479577123822:3:tx 0 0 0 0 0 0 0 0 0 0 0 0 0 0 0 0 0 0 0 0 0 0 0 0 0 0 0 0 0 0 0 0 0 0 0 0 0 0 0 0 0 0 0 0 0 0 0 0 0 0 0 0 0 0 0 0 0 0 0 0 0 0 0 0 0 0 0 0 0 0 0 0 0 0 0 0 0 0 0 0 0 0 0 0 0 0 0 0 0 0 0 0 0 0 0 0 0 0 0 0 0 0 0 0 0 0 0 0 0 0 0 0 0 0 0 0 0 0 0 0 0 0 0 0 0 0 0 0 
> 1484479577159869:3:rx 0 0 0 0 0 0 0 0 0 0 0 0 0 0 0 0 0 0 0 0 0 0 0 0 0 0 0 0 0 0 0 0 0 0 0 0 0 0 0 0 0 0 0 0 0 0 0 0 0 0 0 0 0 0 0 0 0 0 0 0 0 0 0 0 0 0 0 0 0 0 0 0 0 0 0 0 0 0 0 0 0 0 0 0 0 0 0 0 0 0 0 0 0 0 0 0 0 0 0 0 0 0 0 0 0 0 0 0 0 0 0 0 0 0 0 0 0 0 0 0 0 0 0 0 0 0 0 0 
> 1484479577185352:3:tx 3: 120
> 1484479580508150:3:tx 3: 121
> 1484479581519019:3:tx 3: 122
> 1484479585768851:3:tx 3: 123
> 1484479592378449:3:tx 3: 124
> 1484479596541960:3:tx 3: 125
> 1484479598830773:3:tx 3: 126
> 1484479602767872:3:tx 3: 127
> 1484479607103658:3:tx 3: 128
> 1484479610369404:3:tx 3: 129
> 1484479614408055:3:tx 3: 130
> 1484479618399863:3:tx 3: 131
> 1484479625047816:3:tx 3: 132
> 1484479627672712:3:tx 3: 133
> 1484479632004884:3:tx 3: 134
> 1484479634437985:3:tx 3: 135
> 1484479637017171:3:
> 1484479637017205:3:LINK STATS to 1: 16 16 0
> 1484479637119406:3: 84506 P 0.18 10 1771076 801788 157508 1656658 39838708 161414 80382 17624 155206 3615540
> 1484479637119533:3:tx 0 0 0 0 0 0 0 0 0 0 0 0 0 0 0 0 0 0 0 0 0 0 0 0 0 0 0 0 0 0 0 0 0 0 0 0 0 0 0 0 0 0 0 0 0 0 0 0 0 0 0 0 0 0 0 0 0 0 0 0 0 0 0 0 0 0 0 0 0 0 0 0 0 0 0 0 0 0 0 0 0 0 0 0 0 0 0 0 0 0 0 0 0 0 0 0 0 0 0 0 0 0 0 0 0 0 0 0 0 0 0 0 0 0 0 0 0 0 0 0 0 0 0 0 0 0 0 0 
> 1484479637156345:3:rx 0 0 0 0 0 0 0 0 0 0 0 0 0 0 0 0 0 0 0 0 0 0 0 0 0 0 0 0 0 0 0 0 0 0 0 0 0 0 0 0 0 0 0 0 0 0 0 0 0 0 0 0 0 0 0 0 0 0 0 0 0 0 0 0 0 0 0 0 0 0 0 0 0 0 0 0 0 0 0 0 0 0 0 0 0 0 0 0 0 0 0 0 0 0 0 0 0 0 0 0 0 0 0 0 0 0 0 0 0 0 0 0 0 0 0 0 0 0 0 0 0 0 0 0 0 0 0 0 
> 1484479640422099:3:tx 3: 136
> 1484479643398034:3:tx 3: 137
> 1484479645804233:3:tx 3: 138
