connecting to /dev/ttyUSB4 (115200) [OK]
> 1484479048852767:5: 7706 P 0.18 0 153618 52392 0 114118 3677492 153618 52392 0 114118 3677492
> 1484479048852851:5:tx 0 0 0 0 0 0 0 0 0 0 0 0 0 0 0 0 0 0 0 0 0 0 0 0 0 0 0 0 0 0 0 0 0 0 0 0 0 0 0 0 0 0 0 0 0 0 0 0 0 0 0 0 0 0 0 0 0 0 0 0 0 0 0 0 0 0 0 0 0 0 0 0 0 0 0 0 0 0 0 0 0 0 0 0 0 0 0 0 0 0 0 0 0 0 0 0 0 0 0 0 0 0 0 0 0 0 0 0 0 0 0 0 0 0 0 0 0 0 0 0 0 0 0 0 0 0 0 0 
> 1484479048883753:5:rx 0 0 0 0 0 0 0 0 0 0 0 0 0 0 0 0 0 0 0 0 0 0 0 0 0 0 0 0 0 0 0 0 0 0 0 0 0 0 0 0 0 0 0 0 0 0 0 0 0 0 0 0 0 0 0 0 0 0 0 0 0 0 0 0 0 0 0 0 0 0 0 0 0 0 0 0 0 0 0 0 0 0 0 0 0 0 0 0 0 0 0 0 0 0 0 0 0 0 0 0 0 0 0 0 0 0 0 0 0 0 0 0 0 0 0 0 0 0 0 0 0 0 0 0 0 0 0 0 
> 1484479108850072:5: 15386 P 0.18 1 292320 112134 0 241696 7343372 138702 59742 0 127578 3665880
> 1484479108850156:5:tx 0 0 0 0 0 0 0 0 0 0 0 0 0 0 0 0 0 0 0 0 0 0 0 0 0 0 0 0 0 0 0 0 0 0 0 0 0 0 0 0 0 0 0 0 0 0 0 0 0 0 0 0 0 0 0 0 0 0 0 0 0 0 0 0 0 0 0 0 0 0 0 0 0 0 0 0 0 0 0 0 0 0 0 0 0 0 0 0 0 0 0 0 0 0 0 0 0 0 0 0 0 0 0 0 0 0 0 0 0 0 0 0 0 0 0 0 0 0 0 0 0 0 0 0 0 0 0 0 
> 1484479108881261:5:rx 0 0 0 0 0 0 0 0 0 0 0 0 0 0 0 0 0 0 0 0 0 0 0 0 0 0 0 0 0 0 0 0 0 0 0 0 0 0 0 0 0 0 0 0 0 0 0 0 0 0 0 0 0 0 0 0 0 0 0 0 0 0 0 0 0 0 0 0 0 0 0 0 0 0 0 0 0 0 0 0 0 0 0 0 0 0 0 0 0 0 0 0 0 0 0 0 0 0 0 0 0 0 0 0 0 0 0 0 0 0 0 0 0 0 0 0 0 0 0 0 0 0 0 0 0 0 0 0 
> 1484479110068629:5:tx 5: 1
> 1484479113888622:5:tx 5: 2
> 1484479118239958:5:tx 5: 3
> 1484479123599445:5:tx 5: 4
> 1484479128755195:5:tx 5: 5
> 1484479130013001:5:tx 5: 6
> 1484479134020629:5:tx 5: 7
> 1484479139051992:5:tx 5: 8
> 1484479141137548:5:tx 5: 9
> 1484479148317118:5:tx 5: 10
> 1484479150082671:5:tx 5: 11
> 1484479154152825:5:tx 5: 12
> 1484479159652472:5:tx 5: 13
> 1484479161477137:5:tx 5: 14
> 1484479166378815:5:tx 5: 15
> 1484479168739311:5:
> 1484479168739325:5:LINK STATS to 1: 15 15 0
> 1484479168841642:5: 23066 P 0.18 2 456120 165160 20266 380190 10972856 163800 53026 20266 138494 3629484
> 1484479168842451:5:tx 0 0 0 0 0 0 0 0 0 0 0 0 0 0 0 0 0 0 0 0 0 0 0 0 0 0 0 0 0 0 0 0 0 0 0 0 0 0 0 0 0 0 0 0 0 0 0 0 0 0 0 0 0 0 0 0 0 0 0 0 0 0 0 0 0 0 0 0 0 0 0 0 0 0 0 0 0 0 0 0 0 0 0 0 0 0 0 0 0 0 0 0 0 0 0 0 0 0 0 0 0 0 0 0 0 0 0 0 0 0 0 0 0 0 0 0 0 0 0 0 0 0 0 0 0 0 0 0 
> 1484479168878523:5:rx 0 0 0 0 0 0 0 0 0 0 0 0 0 0 0 0 0 0 0 0 0 0 0 0 0 0 0 0 0 0 0 0 0 0 0 0 0 0 0 0 0 0 0 0 0 0 0 0 0 0 0 0 0 0 0 0 0 0 0 0 0 0 0 0 0 0 0 0 0 0 0 0 0 0 0 0 0 0 0 0 0 0 0 0 0 0 0 0 0 0 0 0 0 0 0 0 0 0 0 0 0 0 0 0 0 0 0 0 0 0 0 0 0 0 0 0 0 0 0 0 0 0 0 0 0 0 0 0 
> 1484479168995697:5:tx 5: 16
> 1484479175097431:5:tx 5: 17
> 1484479178886107:5:tx 5: 18
> 1484479184487147:5:tx 5: 19
> 1484479186815464:5:tx 5: 20
> 1484479192088618:5:tx 5: 21
> 1484479193674308:5:tx 5: 22
> 1484479197838560:5:tx 5: 23
> 1484479203197598:5:tx 5: 24
> 1484479205181629:5:tx 5: 25
> 1484479211235769:5:tx 5: 26
> 1484479216205013:5:tx 5: 27
> 1484479217165377:5:tx 5: 28
> 1484479224188882:5:tx 5: 29
> 1484479226586946:5:tx 5: 30
> 1484479228736500:5:
> 1484479228736524:5:LINK STATS to 1: 15 15 0
> 1484479228838981:5: 30746 P 0.18 3 623034 217234 36576 518956 14599336 166914 52074 16310 138766 3626480
> 1484479228839065:5:tx 0 0 0 0 0 0 0 0 0 0 0 0 0 0 0 0 0 0 0 0 0 0 0 0 0 0 0 0 0 0 0 0 0 0 0 0 0 0 0 0 0 0 0 0 0 0 0 0 0 0 0 0 0 0 0 0 0 0 0 0 0 0 0 0 0 0 0 0 0 0 0 0 0 0 0 0 0 0 0 0 0 0 0 0 0 0 0 0 0 0 0 0 0 0 0 0 0 0 0 0 0 0 0 0 0 0 0 0 0 0 0 0 0 0 0 0 0 0 0 0 0 0 0 0 0 0 0 0 
> 1484479228875112:5:rx 0 0 0 0 0 0 0 0 0 0 0 0 0 0 0 0 0 0 0 0 0 0 0 0 0 0 0 0 0 0 0 0 0 0 0 0 0 0 0 0 0 0 0 0 0 0 0 0 0 0 0 0 0 0 0 0 0 0 0 0 0 0 0 0 0 0 0 0 0 0 0 0 0 0 0 0 0 0 0 0 0 0 0 0 0 0 0 0 0 0 0 0 0 0 0 0 0 0 0 0 0 0 0 0 0 0 0 0 0 0 0 0 0 0 0 0 0 0 0 0 0 0 0 0 0 0 0 0 
> 1484479230242619:5:tx 5: 31
> 1484479235508256:5:tx 5: 32
> 1484479238320898:5:tx 5: 33
> 1484479242586488:5:tx 5: 34
> 1484479246758040:5:tx 5: 35
> 1484479251241700:5:tx 5: 36
> 1484479256038733:5:tx 5: 37
> 1484479260874353:5:tx 5: 38
> 1484479264366074:5:tx 5: 39
> 1484479265319585:5:tx 5: 40
> 1484479271061410:5:tx 5: 41
> 1484479273623552:5:tx 5: 42
> 1484479279568548:5:tx 5: 43
> 1484479284216878:5:tx 5: 44
> 1484479285005724:5:tx 5: 45
> 1484479288733295:5:
> 1484479288733328:5:LINK STATS to 1: 15 15 0
> 1484479288835932:5: 38426 P 0.18 4 790496 269304 53098 657352 18225638 167462 52070 16522 138396 3626302
> 1484479288836131:5:tx 0 0 0 0 0 0 0 0 0 0 0 0 0 0 0 0 0 0 0 0 0 0 0 0 0 0 0 0 0 0 0 0 0 0 0 0 0 0 0 0 0 0 0 0 0 0 0 0 0 0 0 0 0 0 0 0 0 0 0 0 0 0 0 0 0 0 0 0 0 0 0 0 0 0 0 0 0 0 0 0 0 0 0 0 0 0 0 0 0 0 0 0 0 0 0 0 0 0 0 0 0 0 0 0 0 0 0 0 0 0 0 0 0 0 0 0 0 0 0 0 0 0 0 0 0 0 0 0 
> 1484479288871873:5:rx 0 0 0 0 0 0 0 0 0 0 0 0 0 0 0 0 0 0 0 0 0 0 0 0 0 0 0 0 0 0 0 0 0 0 0 0 0 0 0 0 0 0 0 0 0 0 0 0 0 0 0 0 0 0 0 0 0 0 0 0 0 0 0 0 0 0 0 0 0 0 0 0 0 0 0 0 0 0 0 0 0 0 0 0 0 0 0 0 0 0 0 0 0 0 0 0 0 0 0 0 0 0 0 0 0 0 0 0 0 0 0 0 0 0 0 0 0 0 0 0 0 0 0 0 0 0 0 0 
> 1484479291278879:5:tx 5: 46
> 1484479295192532:5:tx 5: 47
> 1484479297864150:5:tx 5: 48
> 1484479303855824:5:tx 5: 49
> 1484479306457680:5:tx 5: 50
> 1484479309808805:5:tx 5: 51
> 1484479313363275:5:tx 5: 52
> 1484479317691246:5:tx 5: 53
> 1484479323854847:5:tx 5: 54
> 1484479325112483:5:tx 5: 55
> 1484479332627951:5:tx 5: 56
> 1484479335799624:5:tx 5: 57
> 1484479340549443:5:tx 5: 58
> 1484479342447665:5:tx 5: 59
> 1484479344898800:5:--- Network status ---
> 1484479344898840:5:-- Server IPv6 addresses:
> 1484479344898856:5:-- fd00::212:4b00:0:fe05
> 1484479344898869:5:-- fe80::212:4b00:0:fe05
> 1484479344898884:5:-- Default route:
> 1484479344898893:5:-- None
> 1484479344898900:5:-- Routing entries (1 in total):
> 1484479344898915:5:-- fd00::212:4b00:0:fe01 via fd00::212:4b00:0:fe01 (lifetime: 0 seconds)
> 1484479344898950:5:----------------------
> 1484479345385131:5:tx 5: 60
> 1484479348729872:5:
> 1484479348729909:5:LINK STATS to 1: 15 15 0
> 1484479348832514:5: 46106 P 0.18 5 955126 321416 69616 795202 21855318 164630 52112 16518 137850 3629680
> 1484479348832626:5:tx 0 0 0 0 0 0 0 0 0 0 0 0 0 0 0 0 0 0 0 0 0 0 0 0 0 0 0 0 0 0 0 0 0 0 0 0 0 0 0 0 0 0 0 0 0 0 0 0 0 0 0 0 0 0 0 0 0 0 0 0 0 0 0 0 0 0 0 0 0 0 0 0 0 0 0 0 0 0 0 0 0 0 0 0 0 0 0 0 0 0 0 0 0 0 0 0 0 0 0 0 0 0 0 0 0 0 0 0 0 0 0 0 0 0 0 0 0 0 0 0 0 0 0 0 0 0 0 0 
> 1484479348868591:5:rx 0 0 0 0 0 0 0 0 0 0 0 0 0 0 0 0 0 0 0 0 0 0 0 0 0 0 0 0 0 0 0 0 0 0 0 0 0 0 0 0 0 0 0 0 0 0 0 0 0 0 0 0 0 0 0 0 0 0 0 0 0 0 0 0 0 0 0 0 0 0 0 0 0 0 0 0 0 0 0 0 0 0 0 0 0 0 0 0 0 0 0 0 0 0 0 0 0 0 0 0 0 0 0 0 0 0 0 0 0 0 0 0 0 0 0 0 0 0 0 0 0 0 0 0 0 0 0 0 
> 1484479350009712:5:tx 5: 61
> 1484479354217129:5:tx 5: 62
> 1484479360727836:5:tx 5: 63
> 1484479361618497:5:tx 5: 64
> 1484479367985630:5:tx 5: 65
> 1484479369954317:5:tx 5: 66
> 1484479373101986:5:tx 5: 67
> 1484479377500395:5:tx 5: 68
> 1484479383882887:5:tx 5: 69
> 1484479387578365:5:tx 5: 70
> 1484479390390429:5:tx 5: 71
> 1484479393679585:5:tx 5: 72
> 1484479400569605:5:tx 5: 73
> 1484479400960490:5:tx 5: 74
> 1484479405170930:5:tx 5: 75
> 1484479408726666:5:
> 1484479408726683:5:LINK STATS to 1: 15 15 0
> 1484479408829492:5: 53786 P 0.18 6 1120786 373460 85924 931570 25485450 165660 52044 16308 136368 3630132
> 1484479408829563:5:tx 0 0 0 0 0 0 0 0 0 0 0 0 0 0 0 0 0 0 0 0 0 0 0 0 0 0 0 0 0 0 0 0 0 0 0 0 0 0 0 0 0 0 0 0 0 0 0 0 0 0 0 0 0 0 0 0 0 0 0 0 0 0 0 0 0 0 0 0 0 0 0 0 0 0 0 0 0 0 0 0 0 0 0 0 0 0 0 0 0 0 0 0 0 0 0 0 0 0 0 0 0 0 0 0 0 0 0 0 0 0 0 0 0 0 0 0 0 0 0 0 0 0 0 0 0 0 0 0 
> 1484479408865417:5:rx 0 0 0 0 0 0 0 0 0 0 0 0 0 0 0 0 0 0 0 0 0 0 0 0 0 0 0 0 0 0 0 0 0 0 0 0 0 0 0 0 0 0 0 0 0 0 0 0 0 0 0 0 0 0 0 0 0 0 0 0 0 0 0 0 0 0 0 0 0 0 0 0 0 0 0 0 0 0 0 0 0 0 0 0 0 0 0 0 0 0 0 0 0 0 0 0 0 0 0 0 0 0 0 0 0 0 0 0 0 0 0 0 0 0 0 0 0 0 0 0 0 0 0 0 0 0 0 0 
> 1484479412099871:5:tx 5: 76
> 1484479416482869:5:tx 5: 77
> 1484479418088677:5:tx 5: 78
> 1484479424412494:5:tx 5: 79
> 1484479426588349:5:tx 5: 80
> 1484479431911936:5:tx 5: 81
> 1484479434192964:5:tx 5: 82
> 1484479439731508:5:tx 5: 83
> 1484479443364146:5:tx 5: 84
> 1484479445020639:5:tx 5: 85
> 1484479451473119:5:tx 5: 86
> 1484479455621616:5:tx 5: 87
> 1484479459488548:5:tx 5: 88
> 1484479464144650:5:tx 5: 89
> 1484479468183574:5:tx 5: 90
> 1484479468723579:5:
> 1484479468723596:5:LINK STATS to 1: 15 15 0
> 1484479468826228:5: 61466 P 0.18 7 1290468 425972 102670 1067588 29111910 169682 52512 16746 136018 3626460
> 1484479468826307:5:tx 0 0 0 0 0 0 0 0 0 0 0 0 0 0 0 0 0 0 0 0 0 0 0 0 0 0 0 0 0 0 0 0 0 0 0 0 0 0 0 0 0 0 0 0 0 0 0 0 0 0 0 0 0 0 0 0 0 0 0 0 0 0 0 0 0 0 0 0 0 0 0 0 0 0 0 0 0 0 0 0 0 0 0 0 0 0 0 0 0 0 0 0 0 0 0 0 0 0 0 0 0 0 0 0 0 0 0 0 0 0 0 0 0 0 0 0 0 0 0 0 0 0 0 0 0 0 0 0 
> 1484479468862316:5:rx 0 0 0 0 0 0 0 0 0 0 0 0 0 0 0 0 0 0 0 0 0 0 0 0 0 0 0 0 0 0 0 0 0 0 0 0 0 0 0 0 0 0 0 0 0 0 0 0 0 0 0 0 0 0 0 0 0 0 0 0 0 0 0 0 0 0 0 0 0 0 0 0 0 0 0 0 0 0 0 0 0 0 0 0 0 0 0 0 0 0 0 0 0 0 0 0 0 0 0 0 0 0 0 0 0 0 0 0 0 0 0 0 0 0 0 0 0 0 0 0 0 0 0 0 0 0 0 0 
> 1484479470558380:5:tx 5: 91
> 1484479475901546:5:tx 5: 92
> 1484479479167385:5:tx 5: 93
> 1484479484244962:5:tx 5: 94
> 1484479488744515:5:tx 5: 95
> 1484479490869596:5:tx 5: 96
> 1484479495595555:5:tx 5: 97
> 1484479497376975:5:tx 5: 98
> 1484479503705244:5:tx 5: 99
> 1484479506709059:5:tx 5: 100
> 1484479509533063:5:tx 5: 101
> 1484479513884032:5:tx 5: 102
> 1484479519235456:5:tx 5: 103
> 1484479522313554:5:tx 5: 104
> 1484479526274120:5:tx 5: 105
> 1484479528720293:5:
> 1484479528720318:5:LINK STATS to 1: 15 15 0
> 1484479528823286:5: 69146 P 0.18 8 1455542 478416 119190 1203046 32743538 165074 52444 16520 135458 3631628
> 1484479528823401:5:tx 0 0 0 0 0 0 0 0 0 0 0 0 0 0 0 0 0 0 0 0 0 0 0 0 0 0 0 0 0 0 0 0 0 0 0 0 0 0 0 0 0 0 0 0 0 0 0 0 0 0 0 0 0 0 0 0 0 0 0 0 0 0 0 0 0 0 0 0 0 0 0 0 0 0 0 0 0 0 0 0 0 0 0 0 0 0 0 0 0 0 0 0 0 0 0 0 0 0 0 0 0 0 0 0 0 0 0 0 0 0 0 0 0 0 0 0 0 0 0 0 0 0 0 0 0 0 0 0 
> 1484479528859145:5:rx 0 0 0 0 0 0 0 0 0 0 0 0 0 0 0 0 0 0 0 0 0 0 0 0 0 0 0 0 0 0 0 0 0 0 0 0 0 0 0 0 0 0 0 0 0 0 0 0 0 0 0 0 0 0 0 0 0 0 0 0 0 0 0 0 0 0 0 0 0 0 0 0 0 0 0 0 0 0 0 0 0 0 0 0 0 0 0 0 0 0 0 0 0 0 0 0 0 0 0 0 0 0 0 0 0 0 0 0 0 0 0 0 0 0 0 0 0 0 0 0 0 0 0 0 0 0 0 0 
> 1484479530477010:5:tx 5: 106
> 1484479536707410:5:tx 5: 107
> 1484479537867065:5:tx 5: 108
> 1484479543577839:5:tx 5: 109
> 1484479547397925:5:tx 5: 110
> 1484479551256762:5:tx 5: 111
> 1484479555233024:5:tx 5: 112
> 1484479558506217:5:tx 5: 113
> 1484479562080598:5:tx 5: 114
> 1484479566997858:5:tx 5: 115
> 1484479569060535:5:tx 5: 116
> 1484479574216013:5:tx 5: 117
> 1484479579130024:5:tx 5: 118
> 1484479584098398:5:tx 5: 119
> 1484479584916990:5:--- Network status ---
> 1484479584917016:5:-- Server IPv6 addresses:
> 1484479584917032:5:-- fd00::212:4b00:0:fe05
> 1484479584917055:5:-- fe80::212:4b00:0:fe05
> 1484479584917064:5:-- Default route:
> 1484479584917071:5:-- None
> 1484479584917075:5:-- Routing entries (1 in total):
> 1484479584917084:5:-- fd00::212:4b00:0:fe01 via fd00::212:4b00:0:fe01 (lifetime: 0 seconds)
> 1484479584917106:5:----------------------
> 1484479585145221:5:tx 5: 120
> 1484479588716628:5:
> 1484479588716640:5:LINK STATS to 1: 15 15 0
> 1484479588819918:5: 76826 P 0.18 9 1623298 530868 135716 1338794 36372194 167756 52452 16526 135748 3628656
> 1484479588820124:5:tx 0 0 0 0 0 0 0 0 0 0 0 0 0 0 0 0 0 0 0 0 0 0 0 0 0 0 0 0 0 0 0 0 0 0 0 0 0 0 0 0 0 0 0 0 0 0 0 0 0 0 0 0 0 0 0 0 0 0 0 0 0 0 0 0 0 0 0 0 0 0 0 0 0 0 0 0 0 0 0 0 0 0 0 0 0 0 0 0 0 0 0 0 0 0 0 0 0 0 0 0 0 0 0 0 0 0 0 0 0 0 0 0 0 0 0 0 0 0 0 0 0 0 0 0 0 0 0 0 
> 1484479588855722:5:rx 0 0 0 0 0 0 0 0 0 0 0 0 0 0 0 0 0 0 0 0 0 0 0 0 0 0 0 0 0 0 0 0 0 0 0 0 0 0 0 0 0 0 0 0 0 0 0 0 0 0 0 0 0 0 0 0 0 0 0 0 0 0 0 0 0 0 0 0 0 0 0 0 0 0 0 0 0 0 0 0 0 0 0 0 0 0 0 0 0 0 0 0 0 0 0 0 0 0 0 0 0 0 0 0 0 0 0 0 0 0 0 0 0 0 0 0 0 0 0 0 0 0 0 0 0 0 0 0 
> 1484479592692047:5:tx 5: 121
> 1484479593015897:5:tx 5: 122
> 1484479599339576:5:tx 5: 123
> 1484479604730152:5:tx 5: 124
> 1484479606191234:5:tx 5: 125
> 1484479612854562:5:tx 5: 126
> 1484479615323591:5:tx 5: 127
> 1484479620541972:5:tx 5: 128
> 1484479624463093:5:tx 5: 129
> 1484479626283534:5:tx 5: 130
> 1484479631611290:5:tx 5: 131
> 1484479633056571:5:tx 5: 132
> 1484479637298790:5:tx 5: 133
> 1484479641477972:5:tx 5: 134
